9633353877148357815413209609578623026959727231050549529181577549912630586772670710668425505693362057914888219579546752839215957555654913501914261659864840887245915840003334854144900952322122321010605754873492024345338827259076042853846274091673905305826254154326904431166176860354515001797:[(0, 26)]
2792679234212117339914537017739995439704277746963724223977868606515647716586611816210661303887611912393504310166351675088519041674795024794964934531919678691694985202863475523016297027559229943979621481576433938765034711367805753009559925497855107477232587994269951774866891869735310901817510505932957263824828766869822031892973:[(0, 32), (0, 59), (0, 62), (0, 70), (0, 78), (32, 59), (32, 62), (32, 70), (32, 78), (59, 62), (59, 70), (59, 78), (62, 70), (62, 78), (70, 78)]
7133704182713145528888455855145330550435471752896204000487325767891207494353156909758362147179543166905412436566929630948643398428927219946768048179334625057040302114032998305275712811879270669691449140964189139187843555605129881155161001609765563396666874330184950147177215330345788209597:[(1, 7), (1, 11), (1, 14), (1, 28), (1, 36), (1, 98), (7, 11), (7, 14), (7, 28), (7, 36), (7, 98), (11, 28), (11, 36), (14, 28), (14, 36), (28, 36), (28, 98), (36, 98)]
2980060039586818533550288470137709653747069754570439203705515413031479329723446051180423491422210274454344599095897631782801965124893901992780306542085917766952965088824409682263663784591912966065208447794673674228789205651068459929715273913915396772408143906829951965784004904719119550736259961941142083765153754459106603108851:[(1, 30), (1, 85), (1, 92), (30, 85), (30, 92), (85, 92)]
2671434559899702627188818364468717707747725808538763709313690836224935097789666936452607462986743225729936853722096265446785325021283538717329730883198820448470509554819143888128280965896281961214236242979281881671421118415045819552523985098186206296058675491450997088028427861869336125041435631145188294209254179721267977039939:[(2, 12), (2, 31), (2, 41), (2, 58), (2, 77), (2, 82), (2, 89), (12, 31), (12, 41), (12, 58), (12, 77), (12, 82), (12, 89), (31, 41), (31, 58), (31, 77), (31, 82), (31, 89), (41, 58), (41, 77), (41, 82), (41, 89), (58, 77), (58, 82), (77, 82), (77, 89), (82, 89)]
7365400417360783735957555190191776763380059692176539545304045320154041736746340294552676599519995157462357075861070397001234566556304685479901964621354549826667654787379246207133188468862929539765453284381926983803955752188554616155849912072285006752341301672114213466625329546218686166301:[(2, 47), (2, 64), (2, 71), (47, 64), (47, 71), (64, 71)]
8831168989023401779924031813299972857968036744307181819250743591081332408379713079012893645900399560222218999748684123279300583322219368976792742276203060247769508407676162406326071490673963730085720762108913047778770992274790373265235769316481557551432538331905899760645048108162717204193:[(3, 15), (3, 35), (3, 97), (15, 35), (15, 97)]
3172831027253010060268535015651977443983880042068095037281185561285236360723622389394976231719860948430105920976027388369535442193321129372822323952874137315261998535022621694160612342850387470174650657909501013576429003109434123951565975311474961930242963440600130189999651133209560018101688713401887692009953771380693205442953:[(3, 28), (3, 34), (3, 69), (3, 75), (3, 80), (3, 99), (28, 34), (28, 69), (28, 75), (28, 80), (28, 99), (34, 69), (34, 80), (34, 99), (69, 75), (69, 80), (69, 99), (75, 80), (75, 99), (80, 99)]
6770889180181229242988799888584495154173580256473224764661751695780346019116777622371501392119118877062610013269308742986978335615457023306173287785992469458375572911429277131078602015914585921471747063074882009374194504404916911063603735345364127950152576109978824521694725420731571945313:[(4, 16), (4, 58), (4, 89), (16, 58), (16, 89)]
2737885967028931107497779634806852486699488928267794044897801311385653958714569697475135693658607574464000279988070350268579118034236891417507647167662002246367829334609542176890104549300507208279724460957222537029109223810112653478549113358615914401732676077685499871568252761573584380581284940090295735291660030857794241905693:[(4, 19), (4, 26), (4, 45), (4, 72), (19, 26), (19, 45), (19, 72), (26, 45), (26, 72), (45, 72)]
8740244726220615980840164788519218282371868949509421263853992955859621400852606609252400980082925719912108950294598664067024212589250954837006524967044759456737182844707220713808119596302247529485184697306663617948911446433407827116609250902790228977386695367673913318440777367000519079291:[(5, 22), (5, 24), (5, 50), (5, 65), (5, 76), (22, 24), (22, 50), (22, 65), (22, 76), (24, 50), (24, 65), (50, 65), (50, 76), (65, 76)]
2303675570447617437198086866555256089376791758976134422328133743700299637983675405409988650458482757216469471423662628022118555870852834274864080705204155677672422905259090953134563282205032426507653297704054796465387144430832780436742173092624540701188964769412102250034705103665965351511356399409195289315339753201306456758723:[(5, 44), (5, 52), (44, 52)]
2529563238245146980321713287503975351148840681817528643900913369108988637258489394378689119707775827721679694203262435526763333071273866200453711794894034237028627167733137829157681812802246466102115698668887108676636776462331311409959308353603925351229378949674817230262658785216571491389879216865452952628634850290316657411897:[(6, 20), (6, 25), (6, 50), (6, 51), (20, 25), (20, 50), (20, 51), (25, 50), (25, 51), (50, 51)]
9441144200168995205002924260063988386725082551538399723337677905717625993979855650850853089666898144182485822766644415881070559190702376884633194417274406957957663722326076895569346816052745239529321559173740867127064709447171052826895639620209370789659112717514941323484702678462461530507:[(6, 93)]
2702998071879229724350655299996970248659725224550202857882349849799407435124531471026679116250680470775081854795124995334200372698022711693780410161420802070318173930068735597736113599586105975588597607252109896247376566932647173344953948369226131842524305610170531859123916990714094851525753367708826343322873615550188854664877:[(7, 29)]
6682755599704695565393779880778150863859214279656071208307696868149601253059268306526210375961605175223930451831148294101388339907519333535073031268596291148032838925952750389536749427060087618755651981926354387253535478016549629556743095603491847057193941399756062337175153452073828439323:[(8, 9), (8, 19), (9, 19)]
2854627590556817080362795335555499073261547768970252558297105588667618282024344449785931030667360072470323560307509494606437438937676666123866666715854994675548441249433342189377581437221235344908148952929582641816734115590634233197215118057717601418300878181749431538169607448307716909017058247951034156360265681162096844738477:[(8, 35), (8, 48), (8, 97), (35, 48), (48, 97)]
2999775780452071377139227316008456909210031387561104674241350743138785761091775821875795328866220357493120123935444183772646272044099211681266906649863219298792559528865759178084901996094049613575099094838838550565664928024399871999579141566793921491291725136013313525273464057447077547010379904803404869156778456194818579579509:[(9, 24), (9, 37), (9, 67), (9, 76), (24, 37), (24, 67), (37, 67), (37, 76), (67, 76)]
9233055246219095534649383369919581849070745797020866407249722076352245291867295091589390293947526049758813005120858592499473854489823490700356601019819739588860134938798852437574551679260687829555438767295275628457190596131840047037639169722610225521720081000109812152848366562248994447933:[(10, 17), (10, 21), (10, 38), (10, 43), (10, 59), (17, 21), (17, 43), (17, 59), (21, 38), (21, 43), (21, 59), (38, 43), (38, 59), (43, 59)]
2342159768207732258055674516807663324216194501837948889806176098377404784108417208625100621410264458838373290809325110389723682971885852404342984206931511070408647479367548660903253259307784788086743079423204078056890986900380082535429536059412602462381113180875084510649605877748646681121900710833629617480037277817458388334977:[(10, 79)]
2988925073845349504148289027794423086696181821466868028056177383631123669538841829222938101765975255048156122320896403146873215018452786533335158817005706395188391991083428318613445501118370182966994312824781752182941429240182031744741873960014306292635965712583405292512384091306587615960683455258805584775848702685305808951597:[(11, 16), (11, 22), (11, 53), (11, 55), (11, 56), (11, 68), (11, 91), (14, 16), (14, 22), (14, 53), (14, 55), (14, 56), (14, 68), (14, 91), (16, 22), (16, 53), (16, 55), (16, 56), (16, 68), (16, 91), (16, 98), (22, 53), (22, 55), (22, 56), (22, 68), (22, 91), (22, 98), (53, 55), (53, 56), (53, 68), (53, 91), (53, 98), (55, 56), (55, 68), (55, 91), (55, 98), (56, 68), (56, 91), (56, 98), (68, 91), (68, 98), (91, 98)]
8781976983844159665182187813542135154760428982000805293878170710354767548881577711798974353541015155751934421340986619283240512850233516902053998732617012300009187537077282463360189782316771373547390341447945715956835423287495292270782134851396808580172057443633534006288069103737338435601:[(12, 40), (12, 63), (12, 68), (12, 69), (40, 63), (40, 68), (40, 69), (63, 68), (63, 69), (68, 69)]
2591752329314393042699675631945527747823764900403305602400670660180737344855496961370248572452292390966132544996960522139429165884463938678422867976422662270951903830549167318950895428729688694787553565383386811601697090309733095989284701194695546364945491679226684645384954874502414824398318996008504293181074997049993460701949:[(13, 21), (13, 46), (13, 54), (13, 60), (13, 84), (13, 93), (21, 46), (21, 54), (21, 60), (21, 84), (21, 93), (46, 54), (46, 60), (46, 84), (46, 93), (54, 60), (54, 84), (54, 93), (60, 84), (60, 93), (84, 93)]
9433328584270863274026642495256326084301775243064495663178881334551758151367397116157364293181109466927379077609153591437919508935148659616195219672326180433869510061299205430834407964784745838188828828971251551617820014200450634094155167233639361282328738041934970828027489682357080250303:[(13, 29), (13, 32), (13, 92), (29, 32), (29, 92), (32, 92)]
2193563773085153114432032953524656073975561574162240227941746280070256439829614704060146038625022204739505863985231528106571476155868270705109907721459728833498749693476284514957746421854781013497235988652415506275171252417276857919162073173077686611925545336608007261603631972444541471380418573627260490518164992447155731902577:[(15, 18), (15, 42), (18, 42)]
3069327395414304491666950071549067599992023523806183180940959483116471813257998461035607739508506398090884829544613185751778405103466577005225652718809785252266457354940311716351547192040945137202273518131881573155551675270727975447066882915887327991948215994596660240343801245079195576944582349646016790323662896660184252394157:[(17, 61), (17, 74), (17, 81), (17, 94), (38, 61), (38, 74), (38, 81), (38, 94), (61, 74), (61, 81), (61, 94), (74, 81), (74, 94), (81, 94)]
6008586898058221216087962716687016229165632844607246474615459976648819795996963695876754512061638619366271722256525140527668377427336764506561516704233498482114659850050694227408624923815122673777669218967136412310331873003309368035360953876140974893448335295978732000925547422412884133079:[(18, 20), (18, 55), (18, 70), (18, 85), (18, 88), (20, 55), (20, 70), (20, 85), (20, 88), (55, 70), (55, 85), (55, 88), (70, 85), (70, 88), (85, 88)]
6508876467377665304107139862186311877294371683933248427518254005280118944799549151426108516337323808946794272324831384196655602045106815983087178219072418451548739486929406056892790003669739807304211349567724263274204295757416817320344055764319750049506457225116005190017538463261346434499:[(23, 27), (23, 48), (23, 77), (27, 48), (27, 77), (27, 96), (48, 77), (48, 96), (77, 96)]
3158083493967521804513898928902714491022843177653354711735371532304206056808447446624331562229004954840464294404875991367157331801703029350296390033476474912646926536737211177832429985780454067969266337200430005938441598384752016456227225541123817756421967832511706441021364051841003923872708911582005615899063156218915053177701:[(23, 40), (23, 87), (23, 95), (40, 87), (40, 95), (40, 96), (87, 95), (87, 96), (95, 96)]
8822821995508483051734940385783052193402858655905505223760430729682424349753613396547488525181461219672654687261684254045010497791027049407448511563557060114438475959258828486957576858593109161583274023189855835130465035210579927534319638469495271637689754759198025395653637347783335342517:[(25, 84)]
2443457394963107224228918258877025094736717934551666942540263549437664490427742665784342794131620484902388362246823532421718380392548143743635538261889565417486217188823429996369098340236125682288274453113480543167861808155925041734181890721979375783433237987751168436726232553946589030287112754917411358704506347909307735438507:[(27, 57)]
7762495058287384257320204860532913419750930147265555359739417398440941696053244517081094594181532849531257427118200247031557415613848959431674510903316943024922400003552693638805295039495638129032115804894419738564365969651923519625413946391779476505918473526944852742578830956797279582961:[(30, 31), (30, 60), (31, 60)]
9510629655441875259919133394408374155368205261081120591703224234267568277434664934671012939151971848636855066445402526018979693120911768010650423103842512987255283069799403778798782641715403929659358156473226773270775678615099360005990481659802017316408364833814711140642610115044845172181:[(33, 34), (33, 37), (33, 54), (33, 66), (33, 75), (34, 37), (34, 54), (34, 66), (37, 54), (37, 66), (37, 75), (54, 66), (54, 75), (66, 75)]
2522740260195352240297371797362074848699778346745359749509702683691893238011077735747747072045757957895400077234393600575857164607686316154908378509324908796599633004042369721188110130899413455016964141085838344982958626463482850175305225196384001350317397995830462546596517738608292309661473446651146592354571599570870395872793:[(33, 64), (33, 88), (64, 88)]
2850281462674142925365185012351248327982551283943181448191745798771248695627755553554025221574555597730567800604574473471020623473113487142473179567569389502195804543359660400061606498851098094810510528803943166226349021918655210332396270098616658420686406512616321246710514248403818875880176783204895653582316926615410932656779:[(36, 65), (36, 86), (65, 86)]
7490327123798398363049948355866959538984907739199213108326570457584524789645118189215911210462471887820644497243313569099914326906016881508403812237134909457669226990096834049294214726265369417132534370368818532049262814898357477443248763365483270919542552245170466027256710589720659929017:[(39, 42), (39, 52), (39, 79), (39, 86), (39, 94), (42, 52), (42, 79), (42, 86), (42, 94), (52, 79), (52, 86), (52, 94), (79, 86), (79, 94), (86, 94)]
2798290009209596695660802878951698395378350974521104118813914566668444870808970869456051300232006778071380678551044875158473904035605409103383575779976324952094462374151426265100522279437261448013779095562149506832461940975140847306502761239185989059421648003340364530123757316937286776179598257857462559892878095531477467601573:[(39, 43)]
6992108621300710084453077655637545105742083438505054328695826586349501488304979731995289720952010478746253119530854545563740067033414949777739956155395845598011411298327730515014345338818076000837761520854321776699956622927997842083079693812032378820501636111754156336460846862456114789299:[(41, 44), (41, 46), (44, 46)]
9523371140324999502257623011186278746082603732561192975374739965950756245746418034769910879444680664861448590487758654578971963298292274367989466866397380690468721043899314637950547613529859547465294335541826033409907194733593023480567861361702525781939307247279273494471793603182076891877:[(45, 61), (45, 87), (61, 87)]
2320807319170815247138978387003540881500928780927921807733728266276630774939943244266972261971659709204704951451167446968214846603482623199388057414346105187129461794222176397775532765693596315284365919677346002211139731311579373561735785688081792052592887874349902970297114831828357297449715931376397027709750334603636629000183:[(47, 66), (47, 83), (47, 90), (66, 83), (66, 90), (83, 90)]
2325033049741427054089090766194635490455394614803647167898961055352197067229833442291277263064068979041186965450207831735814327309745134530983812145538856293787327613640332578711468453694521738508101744719631708627671298324240002322171207677621602808133615839908882414080468701321767918546932579000241663883959019353611611654321:[(49, 71)]
9113652437135870776283370335139445091595564092185684437181052618024108607675945117808927724223697820350584565049653688335277669801585775304206980986848244701788260607262770666427227710260889190416324964275787949111952748012361754197851508812456132376256086633550140584196451632273432832991:[(49, 74), (49, 82), (49, 83), (49, 99), (74, 82), (74, 83), (74, 99), (82, 83), (82, 99), (83, 99)]
9636776437164009253200242155470092986373748223992297935314902086839887090125563593042408416332534531869375879661358137403799919988182271749293835214191827429881707675324494374299488850233267195278094428759251041397582820739554433626664329565269835818954297716590657582923672427780305398867:[(51, 73), (51, 78), (73, 78)]
5645631699086766798282042034916430529357925073291933942034254855724531081558491902813952729804356355400158771885119726068642304443667794328649000467440061476238886875056063435852138428455814125953900771241993442208010350144586267374764207302331975715914424939116959982806638586135874615169:[(53, 62), (53, 81), (53, 90), (62, 81), (62, 90), (81, 90)]
7788777818823610060140604170604387469310527023989051341493603792231839172309868850296761849512371167628955432431455604075488303861331379354899933045996276723107272531196287841162156017168317662941989912247100240578606905486940744563052359725440686750373168271192700702148161287665645759623:[(56, 57), (56, 67), (56, 80), (56, 95), (57, 67), (57, 80), (57, 95), (67, 80), (67, 95), (80, 95)]
8031281146507854209892181042514770457352862583582325921198993956402936767330645492702636552809150345366873716062266605448799104660266234125358516858005471177900174444655927414778557568858039272181418035963021486134196071140613474984881475803160736835922724751891573060707355752730808291437:[(72, 91)]
