5581071397547
8724581233457
6945843193561
6350658903601
6423094215359
7289385236983
8679163899199
6106029848263
5074902228859
7186604462963
6611161305013
6532751752301
6891315843959
5819104434631
6720108950239
7887636213097
6985950246229
8065439853719
8323130174857
5999470248973
8053548799507
8402360910743
8382947648479
4937575442087
7267470350333
7017220331867
8063760294173
7585150915897
6275636284369
5784102492799
6298175623123
6687850131269
7738315933081
7302712556561
5712062295703
6850220472023
5480656018973
7798041080659
7776982196699
8774946649921
4640641027103
8432273906411
4978424120507
5748635368061
7908632971319
7820439414083
7363890175703
8687040248779
5018478167557
6380514151961
8725046450257
7803921156217
5084861991961
6005260382623
6617227096769
8786585187811
6723621464177
5521417275337
6588391644871
8088588140551
6482621820379
7709908137353
6346405861291
6860356265731
5984797438331
7383112380821
7045132307011
8170702118107
6624991657157
5175899064403
7047963007697
7917938158687
8326690853849
6176504533897
6425714032051
8421586385033
7864622339039
5242033258697
6305433056743
8086061047781
6049252558901
5759322130511
5517194559011
5816759745499
6920048606347
6137135176589
8691461549917
4587558540599
7539500602189
5101677960293
8143882117543
5121152691749
6124638593951
7795118675479
6797282164069
5707957861127
4656859986967
8653395855497
8021817836261
7927289934587
