  730656708602297659851373
  866723285070263976341617
 1103121277707987368559457
 1160793062354824903947949
  768404639271311886796391
 1115837671322259015240311
 1199020611119331679067383
 1146275754145648922149741
 1153585154980559175196627
 1188477847419340783035979
  664695362255448437821939
 1148867272303587171279949
  790792320373555151809753
  852936073237428165877271
 1148867393332382659293803
 1131781395455080254269639
  990283745375311264642091
 1126890832905880696820213
 1001810409571940058703267
  854101621855072933707247
 1101289587822571405422821
 1155445913220148363195297
 1001300684717701580005043
  878240279311644268560551
 1002468706044221668479679
  971983017883437532637713
 1187442021213924843420719
 1142796730226171113246157
 1179520353156845342658671
  729556474228654438284967
 1199930971983940193723087
 1197357040498887027944267
 1171262884301233633195439
  835730811905401891702511
 1113194291001915908532797
 1080569085135250559933593
 1182146424995497117229083
  982191537587388642651437
 1004565712917072583052311
 1010325002762873495477231
  838884098397012360314443
 1037064499809998691959489
  987690945636786558063607
 1119370140253670063697241
  955904486516595587262259
 1071314838988634441893469
  957335583357016389761923
  864085062285269886488311
 1208276071938554148854227
  990914329066012371124381
  996433293890068484720909
  821252427830707009625179
  701471987174653900502351
  620088426019071058166353
  958655240676920656803229
 1154128265857462822630181
 1178497324716305345055671
 1126689097361715166195177
 1194867467698988866500041
 1101869958035172297817649
 1028039976338169915723503
  795998985583285004240539
 1020967210517020094629079
 1192787584283785538755633
  908646264845115438275639
  984078865516848051339203
 1083851716560496615551557
 1034273992951054520311357
  665376028643659158074957
 1108976592891487081989043
  966602527637437341822421
 1171186735944400927585517
 1117293435410045649545017
  804579183902836639513219
 1092158983167691559826947
 1195741909622358486801737
 1125246421423879324002541
 1025923814486003416014817
 1187586430070152792150543
 1076609748500570610207587
 1181197564607382715327469
 1067896006767642430783927
  854144147599982856644089
 1084040003812427558910367
  845550441710083528682281
  879317091801439149571387
  876792335866631681594549
 1179258309699720846736661
  752036764968635498409719
 1142971399906001417685911
  885561206639444776009159
 1056652942757723208534719
 1015623469871803966753247
  790360883014896714365909
 1163046856212612289800559
  866284838726534820889943
  862853163362438619351107
  879365975544320009290229
 1059048667956217730727917
  974726698692201535546913
 1000969837033499772084559
  908265205730033004653143
  734732258186927351614391
 1035848848308726225449087
 1006883364975377477875517
  994840243515406472805941
 1169238123655090667640071
  970722932696578264818319
  997459725836644667793761
  914293246315853867513801
  994777294516818912208561
 1005228802702729217050019
 1094625320362561104549779
  811948372128147270089357
 1189479268321806171626473
 1034349333574328108257511
  832678050293691753432367
  820520309766650760605977
  884100315015650477949691
 1013598263193278818009561
  915137048088310724049481
  752050370634582124878041
  837308851160078937914441
 1159201699280038940003281
  726134337431523667546213
 1194394050061096400957533
 1073932615827509370779309
  992178727736006365542719
  721543507731774293498773
 1084438721843257804899377
  788071549212669398072899
  979527899968768840388639
  736552953648120571976231
  858397968717024852783439
 1172693455092811401159013
 1187806260209836971555961
 1054120846830057310177361
  699697778243139059077307
  657625305281713782623509
 1109871071409794023825127
 1200133997374558748155799
  793403151881952617466661
  868768999260154762126391
 1127735838975715085634611
  796133110878056540274493
 1084509875473576350304267
 1160941421405710633820849
  771726166628334821500979
 1032990134093610828097637
  821423388617122691002033
  822583473380889182752291
  829940187462772585832513
 1167534499067584015700077
  858124834416922534260431
 1157033884744147797177751
  771036581218104208432267
 1001507558249394729513067
  934043635363185330694199
  708376872296639037013031
  914527098954779835400217
 1135848824084385966572131
  810833830303113353637913
 1048324833692043619628701
  833979878477972024643869
  791305207779396630380887
  986360880395774406251969
 1036191920879444161725059
 1000077011263663328062421
 1108304944312275944887297
  633414156234415797561499
 1148101356859683393390397
 1155887791251204635936629
 1207854616681040770682543
 1004118688546959210767261
  870461667371414294941169
 1116209683566547942959523
 1000449583578118987551937
 1164947416466812329112093
  812498480633952995545343
  962688927488129072151203
 1160083085858132447056519
  926450843965477356336431
 1170172787338087188096347
  953809663361128733687287
 1068002932291826181758413
 1022023566545498340109757
 1114023866845754340930911
  961713358661639526708527
  718644759885934736686313
  892998272245776355882889
 1092289444580698219601357
  680829200123349372772993
  996465666085986157806601
  703217264903721837889693
 1101027713590367730516539
  808271592896191562279047
 1039937810371438192647313
  848161148281107487441723
 1077430045176251690425517
  992676132284868953278463
             5581071397547
             8724581233457
             6945843193561
             6350658903601
             6423094215359
             7289385236983
             8679163899199
             6106029848263
             5074902228859
             7186604462963
             6611161305013
             6532751752301
             6891315843959
             5819104434631
             6720108950239
             7887636213097
             6985950246229
             8065439853719
             8323130174857
             5999470248973
             8053548799507
             8402360910743
             8382947648479
             4937575442087
             7267470350333
             7017220331867
             8063760294173
             7585150915897
             6275636284369
             5784102492799
             6298175623123
             6687850131269
             7738315933081
             7302712556561
             5712062295703
             6850220472023
             5480656018973
             7798041080659
             7776982196699
             8774946649921
             4640641027103
             8432273906411
             4978424120507
             5748635368061
             7908632971319
             7820439414083
             7363890175703
             8687040248779
             5018478167557
             6380514151961
             8725046450257
             7803921156217
             5084861991961
             6005260382623
             6617227096769
             8786585187811
             6723621464177
             5521417275337
             6588391644871
             8088588140551
             6482621820379
             7709908137353
             6346405861291
             6860356265731
             5984797438331
             7383112380821
             7045132307011
             8170702118107
             6624991657157
             5175899064403
             7047963007697
             7917938158687
             8326690853849
             6176504533897
             6425714032051
             8421586385033
             7864622339039
             5242033258697
             6305433056743
             8086061047781
             6049252558901
             5759322130511
             5517194559011
             5816759745499
             6920048606347
             6137135176589
             8691461549917
             4587558540599
             7539500602189
             5101677960293
             8143882117543
             5121152691749
             6124638593951
             7795118675479
             6797282164069
             5707957861127
             4656859986967
             8653395855497
             8021817836261
             7927289934587
 7133704182713145528888455855145330550435471752896204000487325767891207494353156909758362147179543166905412436566929630948643398428927219946768048179334625057040302114032998305275712811879270669691449140964189139187843555605129881155161001609765563396666874330184950147177215330345788209597
 9510629655441875259919133394408374155368205261081120591703224234267568277434664934671012939151971848636855066445402526018979693120911768010650423103842512987255283069799403778798782641715403929659358156473226773270775678615099360005990481659802017316408364833814711140642610115044845172181
 6992108621300710084453077655637545105742083438505054328695826586349501488304979731995289720952010478746253119530854545563740067033414949777739956155395845598011411298327730515014345338818076000837761520854321776699956622927997842083079693812032378820501636111754156336460846862456114789299
 5645631699086766798282042034916430529357925073291933942034254855724531081558491902813952729804356355400158771885119726068642304443667794328649000467440061476238886875056063435852138428455814125953900771241993442208010350144586267374764207302331975715914424939116959982806638586135874615169
 6682755599704695565393779880778150863859214279656071208307696868149601253059268306526210375961605175223930451831148294101388339907519333535073031268596291148032838925952750389536749427060087618755651981926354387253535478016549629556743095603491847057193941399756062337175153452073828439323
 8831168989023401779924031813299972857968036744307181819250743591081332408379713079012893645900399560222218999748684123279300583322219368976792742276203060247769508407676162406326071490673963730085720762108913047778770992274790373265235769316481557551432538331905899760645048108162717204193
 9633353877148357815413209609578623026959727231050549529181577549912630586772670710668425505693362057914888219579546752839215957555654913501914261659864840887245915840003334854144900952322122321010605754873492024345338827259076042853846274091673905305826254154326904431166176860354515001797
 8031281146507854209892181042514770457352862583582325921198993956402936767330645492702636552809150345366873716062266605448799104660266234125358516858005471177900174444655927414778557568858039272181418035963021486134196071140613474984881475803160736835922724751891573060707355752730808291437
 8822821995508483051734940385783052193402858655905505223760430729682424349753613396547488525181461219672654687261684254045010497791027049407448511563557060114438475959258828486957576858593109161583274023189855835130465035210579927534319638469495271637689754759198025395653637347783335342517
 7788777818823610060140604170604387469310527023989051341493603792231839172309868850296761849512371167628955432431455604075488303861331379354899933045996276723107272531196287841162156017168317662941989912247100240578606905486940744563052359725440686750373168271192700702148161287665645759623
 6008586898058221216087962716687016229165632844607246474615459976648819795996963695876754512061638619366271722256525140527668377427336764506561516704233498482114659850050694227408624923815122673777669218967136412310331873003309368035360953876140974893448335295978732000925547422412884133079
 8781976983844159665182187813542135154760428982000805293878170710354767548881577711798974353541015155751934421340986619283240512850233516902053998732617012300009187537077282463360189782316771373547390341447945715956835423287495292270782134851396808580172057443633534006288069103737338435601
 9433328584270863274026642495256326084301775243064495663178881334551758151367397116157364293181109466927379077609153591437919508935148659616195219672326180433869510061299205430834407964784745838188828828971251551617820014200450634094155167233639361282328738041934970828027489682357080250303
 6508876467377665304107139862186311877294371683933248427518254005280118944799549151426108516337323808946794272324831384196655602045106815983087178219072418451548739486929406056892790003669739807304211349567724263274204295757416817320344055764319750049506457225116005190017538463261346434499
 9441144200168995205002924260063988386725082551538399723337677905717625993979855650850853089666898144182485822766644415881070559190702376884633194417274406957957663722326076895569346816052745239529321559173740867127064709447171052826895639620209370789659112717514941323484702678462461530507
 9233055246219095534649383369919581849070745797020866407249722076352245291867295091589390293947526049758813005120858592499473854489823490700356601019819739588860134938798852437574551679260687829555438767295275628457190596131840047037639169722610225521720081000109812152848366562248994447933
 8740244726220615980840164788519218282371868949509421263853992955859621400852606609252400980082925719912108950294598664067024212589250954837006524967044759456737182844707220713808119596302247529485184697306663617948911446433407827116609250902790228977386695367673913318440777367000519079291
 6770889180181229242988799888584495154173580256473224764661751695780346019116777622371501392119118877062610013269308742986978335615457023306173287785992469458375572911429277131078602015914585921471747063074882009374194504404916911063603735345364127950152576109978824521694725420731571945313
 7490327123798398363049948355866959538984907739199213108326570457584524789645118189215911210462471887820644497243313569099914326906016881508403812237134909457669226990096834049294214726265369417132534370368818532049262814898357477443248763365483270919542552245170466027256710589720659929017
 9636776437164009253200242155470092986373748223992297935314902086839887090125563593042408416332534531869375879661358137403799919988182271749293835214191827429881707675324494374299488850233267195278094428759251041397582820739554433626664329565269835818954297716590657582923672427780305398867
 9113652437135870776283370335139445091595564092185684437181052618024108607675945117808927724223697820350584565049653688335277669801585775304206980986848244701788260607262770666427227710260889190416324964275787949111952748012361754197851508812456132376256086633550140584196451632273432832991
 9523371140324999502257623011186278746082603732561192975374739965950756245746418034769910879444680664861448590487758654578971963298292274367989466866397380690468721043899314637950547613529859547465294335541826033409907194733593023480567861361702525781939307247279273494471793603182076891877
 7365400417360783735957555190191776763380059692176539545304045320154041736746340294552676599519995157462357075861070397001234566556304685479901964621354549826667654787379246207133188468862929539765453284381926983803955752188554616155849912072285006752341301672114213466625329546218686166301
 7762495058287384257320204860532913419750930147265555359739417398440941696053244517081094594181532849531257427118200247031557415613848959431674510903316943024922400003552693638805295039495638129032115804894419738564365969651923519625413946391779476505918473526944852742578830956797279582961
 8993557035926797408149521785778080938420669158400298179037497035789902155659520604773351196373115433792032616543885610066198126438901874613522804585900052809719987160041564840641998139704633573259827387358231401045804996706702995348302549666640771189978729776867442909770909147639922319061
 9566425095597571905390846423369890160231630381084757218485707425598280810025773990612996155197692181392642988894411128743942024623372754788601686282694142496727268647199074434503667507073753619298162286294873867711515037915303672589956263827827178729902217523547810404720828654090798110777
 7040264342823763639327507002774549191684026789581052054729277963751153013080983418452854162953636216628705619395352369027491133097734192172284895500197366507459125503592575202128220578970809823663135735524713530018461950750721302456857699004461310013374701875878905076406691396259779043679
 9171028321448874023191701658898048295106366448391061180460370592720768041120967091602499771663824858225926679858108960215505122212229498623698507355791755086982765946765170325532399020716071867950941857040014609845548716629561317148183974656620830114508966178993905486948859560193476873517
 9420829905441916901927779452594392414403582235294225394496931354544721521535085315940285468994133344735871912955495158127409866960950620970757746217253717328647992179138179246394618546600987164839450711310869537194384301326271575301381964490388432021625656941784067447811355012423463376189
 8111953278376061947587219956551260458829005288878502259920424123241755607972610279781933735706480607925590414997043826108297479775646277073612033061226349414614000661182588261285669139525664201609085945123197033684495336352946615386840668702598614661273533232241023473157865222636778238649
 6279729880390359601485475391122356607193486927076011793501717663325580211403916350902837137739366723090784546082404941993742280357077409222802978698023244364694566650767067131910564447845877855727312743929191320661184580473667334801001962852647337575118903755064202139817539530340080484971
 9401145382113871755272211688620206081024403128571076983208128934598025232080715279830486884107799595158241832459630563605512227371966222294251727933632703971266054772605799725784834658029701589913968197011637978443567456836993739882183640326087423752219301878518747927851700211667877525149
 9147308992878884092367009919004866368835609852091871731096294396518165575146851736511380026013536281635842255764715049209130792775324979596984373020364240334680246822995988319759680315736285119912401658163457592115980639663567311563601889877523417975318057571542343203857221986655363104113
 8019852142483782113238473297793546482253834331143361339747938518817358879310519406653977980108509664318310517240519659064382416410368322856223366462404761145048461364495890183268262909408181228782574597541140274443219397981816787765174449834660048790536987561925282583343130824085887191819
 6525646348816846403252247292662664051493242261129374518710109796890746264625382231762828255997578278467954348609319010309285091290158700891114555724083034217490858452256759989756352567779220811115547508703477696735819842318335340353589986336231610301815622530978397163190876411478557125161
 6814617345599155329906917531729505208305364296015473319247725018836882271541083983758476352309607364844654886860523599770996215634091420296682281144672220517968144592390054683142999461026711273318119507546185317370593596537096820682263485854882780922126340832836243784653606100283869136881
 7301773921521850241717338027312682516480193668785782783394264606232982918833115774687699064158189509369226506638932646177961569169725875095198224730521839668267792473634375390860036149267742297738428379122185750137061118232854348863592811265733530495117684195945192776158935734981618973903
 9299198369193992947269151604858068522341758422810639125987102599995636840323377628935643753802614579125724359816690541239590470345156647042526105844986616687791779461915067662888709046882298373847572478371583012588141272825767838338055428596240325605740402183966582996658841647406005380939
 6761403510154341552284228804087995806736428497351067430559506604061259514047632336855876511643844801971387464412418274084480205817383471715373218584019052814227138694513935370363197368292921109859845237894939385476085796452513594502713041860842131380147047401633348557500453865057285746751
 8349397381197140160127371653420958672245216788873086469759060108879110609003989864566220642820323099426556405406260410640073895718628377654982646364728818714360185691915741023972992581822174408418936074269124212674956458595108150891278894539077418754811255178567833202964510414663213022139
 7597621979782014505701428135153143528290405062174019052498345922780064349994393357119578103105734710638900795501911189104943341349517182275490803472012456564023101035028590492797962558176960405282726691686074707030261316669912437332061749017332231782810008662161214748009244734573176519193
 8590437310887752069996478849790091336388420380091808047301558601627108654401523237799664305490279523226506428014727026899882509670452051266094768792059567471651981908153704593389534997926494872854883790998448977599674136296445020643710413318403255108126517839875087961734016231341486603373
 9700901986121698108876845299435280323875007990611782375243770226654387752582077139033787950710088549019327278966314608775299827060235510817940658824824486335588216467764642796179072724283808022085836541513591429496995805343565898806385374597372440393903646370466934535224223345897136781293
 6925524367431024592721309331564369086945934622903290264137851663800809705008403301417821901214062276291393825191407470091495495872165498604763474072983914029439015945325283908657888520839506375161020922305190477271929504433041195542229173969746482112347470362853875003146488174092015287467
 7393843209941459286270303294192214078361786827295286694147118829065087595487954775623186372925701469468068976896731657673503695993130160448259172635630286952087988899638661748337136164342828883602493598489600741922003916447557216818356486129213042242721890714840355946429440318511237793301
 9568749038231265538332809875406796684925257102390048911610619241878757006136705705791220582419866629393784128368499391884476393169168426406978443873029527255802965922292897346656550101776786105376579732196450156296302872824873398409420349526090924360530509677060023167766428734755753874689
 9173661672505752132500166129185158916333117871261794571791152554253649338278198967429292621532632333904759580688708542929205533385483316956180234760879321011403427843715427598558376317168222747390630507493470825039595328094047531266337851348873347844235992554549906165248588979449578757069
 9379453481873347151224896521224159248954574976680398669563091546722154339521426985508482193124185764255964914927130933473366894260557156919763510829894971133458404169165697662402344408322554224039467177965090784447425930296676808391237247030040012445312640424562266297718761203443135821857
 9188075825175955539242086501332517253828321454238308923772162377228182378176643084616156286249717456982657550885979559203704719928070578437824494819193471218985742746035334138777504347978265306855964928733524363504985091417080800868046127671663597406300044253696865879447961856078242770583
 7331038645644720803205165800870868653030045280009699673091253600512816479858400064694609432358884071832914864774471068319438122037895759580092134977349758691110996196617906296636934838064528808953629301902923652525817230051547421389207320527271990194337663206731863272870242581083124241789
 9683842670010517112387872334194028607527732156547661663389554068131495037128131069267412373662190943306634112928655776763334844278745857409677932659407843801229631526387382946806549166551719424927454801925585744896213998657021559607550300975363086879609982126947567990156140090726941551187
 7037563150252011844327946707834715453666371410126043008084973874692295975267258660269173223045345041704619930888915186191214006492931631098070474822523622433344652356650096624789873349386868070799942123193292781340500259658610901740671313385625571622008940502032308961944974415187411540117
 9001133605779933475557714923183835807266411822709797975796214630097529397040743984119151348593253430688466573127416613138597112329427768154239387859969906841217030427545562414219704416611518049839529376736312251222467970009547453253453119960823398504399252656052689858164801960828548185939
 7822341383318323109949053047235873784175910559500181571172723424617223175242363069225789283978474926897208866687465004663334846574622104180482536179634047732010117339518787033526447163801482496376670597117676248761001140932145787065053083804935532578704557217574625334232081516889026865243
 9667845269886296578243256970143261753958035542547732190069799453492408177991902190669984717160847656795251444004070147029825382605218571449261041836056569202101179675353293454985516214028173612727837445536550104086662847825542286646120235850779795334397715372603443759290848574986647780339
 6994568084470930304821117048343908854260132428106270739303892923586713557787426070189960983189888594902150394823130962244394027824089407974803141696606759172905300170085618667129613330883853895469352324752637062830331835219650097119086659671113690429179709466972512901020918083764378661647
 7179622827647491031340386254182661623761828997980222445511130368284966112646937064967183264468870210891998270582516226675901401481861551405627860461538041515564034112000671196263205049344114657877572194297503279180579279792472965896517760830934833627410486115752120688895307781005426124453
 8767718988654334054269438091494198190034284205655981069767707847957830166704911598779964890142626442006548379010240220679465241749093939797412240531869249417020627774670355441936032175478128426454057547736618866210719804223459283814564891304699675245266329868773907350241577406947203381247
 8551334541711517858563732716093369654696575731801797632631410543088549081053564320751565612556182081114893254361710917177021289732826003619138127895199671204009781553745032513661185694249858614191706249206083160562317692179285042906648896797555558172441226227190282533886635748922501534081
 8503174755082616458295799994998930068936170734865571197881655263363558969241602161463638698851017597939230595781056331656878569167722893517679869662751279377082986390602250590664795387465557859595557499580327477752465497892887666379805659086475719745788894191967360589936928745740962341071
 9729304616108155214531805686657919785735836845011703482923392760726281861042064020750650387565084801184008752223136597244852937349340498008727202415371574654316500542667284567465605115925019464067985941914448174322469823081441540069415233188513830333580558998979658348639142637396623423599
 9283532531032646760348562935164976466330084555055708595853939442013804868534481789694230608971800302900756458313809851764192905245092714851177983902888248011995567950509753634927361697976792878282935099060216035574087790206618520751890598158104019242255792162588332475341999554981984679559
 7847689489276253082559461563478484291632228639544670097683097323246346040202289980762391953748783173925282922519320501196296570831918040854946074797411660534382505449704357430395512837505428977609945154795956084939662045254683831388122756232098154643927877202318571076970524430295174238049
 8460293525882712601979780377460767935323249702989681211796823979952246533256669067701087147250779253692413745218981433445669651340591350916916981066950512161106590842271898329407365257382297047551507446510158688338675197506504730686461973000975395892187746174612710275574794770919457548273
 6998689410414206949367052008614820511250294574732220173151158055783401681395720982097750806026680956957706429464059638083101960738673187177255323033936702369882776248406430909188262169545228447278756872838663267485286518407768220701537824696779699507552352819551194618368591185722338740789
 9207861672179994287858062212511279127121344349105603105030010815809127444893949771990757501861146501406167725661179248205568211930884453304547231008685234400783434845894124204381706910854543040370898823926744511812824859580439311882429586808729118029562197021064825458731889395821693828747
 9633582201073792599673117926241487271944721497368956918173063397054827853689196599454646316352514793426036920530516857058295170180314296475943590641898203780513021197975173537955764752985540447237810345853458848885252270618740562610167545571087032380919819741018459816396305611611053439491
 8856388568488916548803377734286220326968096156959920466479650664687530451838116501801844675392226369090167562347424471193906596384531984482773266699186767018259864161580153980104924907415881871636699478401451715634761214346179058436765464869922000119838126466644685295227613650516739348601
 7218680683778940123786879490143354547919928511178753828038368620947200838568919744720958485774331233240580916484436173589052675199213639397650416493420338541121931534156166315816985199073972878475317984647632642316962934518048634164925294661374029282801250179779091024943781460371705460611
 6992828092580657877700223439011759624920158829602579976229471236370302031997806188679992332113391553807554122353098193786306816650169980368657832231198979989935854764676897296225911194188946839163671945865482552968061284205870199346081679186842673347058935497106057277943803042673302493963
 7796821663989535834520876279901011116133625032999851522811527695969668025764372682925120180027372098924732553611771333505232958911234215337311601951689172296510905300633074562634746920408845019257206700290727513950602359168347734965084126467348150137632968048912015563036749813956174026039
 9124894746920579912861307901679540364836611943357878631663877315059883144651642740290701686191085715005934283798136721310381670661724193176735107965796625473831936306225485341108442247593650019485528736135318096390393522365769906743711861051805572848587666922452904858282154924038383919901
 5975809656938040069059669698264169404747591139690316317089017930742723241416515829612341839613497364093595188331913618753608319364357619949071498379033022863044158428376264427505581935243692258879812466738318623946540790544121688801848152200985770972246267630774418064951864024194247101387
 7344660073696176343739772772497343222993779393379481110204142860782881308162932668190219143492506262631495181506851914845287744650906085163469818824786386934008137890021334059247945029162976801155110769677069223871182939779576578929755569225386434408905127281815949692625643848153776111099
 9649205535176377970891601827705864023792927749950773946208821925234518033838827603293159339255858268861396814524432151501096143293976274559361400715332066857641671151886694161609992691142667320909905817534632056147989186770505630029281993126553779723755876687804856467152714767679491679237
 8824267081213398208660719545205550265512369641566359434210635349631775225646390397685192796161912527992062272593578195781642663133046262020226606431873250338477060464063987972848461544872814436548976064883946337630954974260358217593728743704842008499818738175706249384848949433904775138619
 9589044800359839030287787839376678845769463852742643486302366027248699303135432161375132283285554685013594192695452099486920018692349004564374811800823985494751083546322291804231412552292573489390222650953459431353655999411338617797172695948651644411268142131796034147586556665461369167693
 9249585042265072534547122398336461617617414932365809893011365689535930226538611872787702994499709651432624705156786793791292814665747787016469347848967954818025897772257570230601335854363127110337518295614666391209746828598189867528532397374866266275377172191613960471852905667333384420431
 9390357113646216973192150645226897368688836490749195174948669038583041911779289829444413969340113094428754612353563876040139376864012348077012496430609171314831564715167339507221004147249621757117916985561192959906798089381688489639146069664632675691537966184770106719193431654497565012173
 7541594698982923964177779693143625570396921390504780654065615606054178799321961446698093789987913117902540417469645443089834097150830660639765744916518788727587455525085550560116042260173290595306940935913689866781038067046283243800918813379571288112924935286106222213981366524566591312927
 7016397116413736827603440562411631515227603022829398923246222766936138095235927189197450499700253000357274792942017244972981036179467886692870846981767760512552998586997040379066916166780720194382996759501615249750260144686053675540964773068031537104647880217836508552605623086192576464299
 8771669808129013883892085269671895106516693712573701087086602580588286781491322657290742596340565668024970588571090965259035330069482095878078009361064768742730202409259272324261477111323652426012061245625976405211781534788861944509606959694161766814859200934274948783127690552312904880261
 8336061258687057843499332443048409001049519502016233076388549914062573710175950455453903788740886313616575057924382726921872769293784383719898756456669955506364843218151836517867816267397026158161255396979887626103982762406187665607939933675361554826334409104241622995981997614856222259443
 8558489029884839831830278575088778336464554172318004353413052938139112674163401772287427337009239304754077981765592041035055246992269596695498307928986116407320782133398511555529766009412534996098772812943205368956054565385176766760753711624472496881086865353598400885581620136448018541153
 8864402889430800206101275200264687855293022389572928839875802129180594006014791964285395186222217418125936951468545598528945148017148895712815998614236902332691205927393816761346868284673016705297861456234850810330104756818992151406418974047963671894593912075817462775212835415942429670079
 6519193860273140566905164278927886607083000455362748736330781034887853059311886896131388688309875862570442953170291356600454600449951050253432006168014700830097867899944293582320563009448015189758560669216693605898505889219725874536933643244570348044637113061701807083404583610513448341079
 7770688733291598686401130822617766663757722781094451448912784746076354823865631910066520166168397208509912447564718217478623450597438515706123155783103333651392866119580708213809529080291188399287503759022944012134636341062131408321195315552749724190188940094612334450265457791515077888143
 9339943594607162957891618492885370572503739002260808377776568510789324437540935104951139488037725024425613106904830445194399154558891859924457860459326418874883165280927883574976088312915989952267922038615510833124391519576341950326951182943546201403857579882217205282698278907571905437479
 7542915903584263610302475489806300274904512092088403402790455990831530866979104283779963292718045982007505283783604559569461797648873079481541589832477349992637514425217011052328428785403157522301173002219835217351848901946567027542775918275662683366162420216163814369071749653614034838261
 5791658142784716052279929589969110121079391690948002104734812109010364664733704137304829088063030979559490451087207626971799390196924045981192164414678947897078279202485902259827426919518125235897329776851906890398821005345956033053942742953325322496929266340383875660856083499318757637727
 5397798123645987136849651576677342242830625243337001148129448824529139454708074187772051447521369153503932735538437319672144325730771480065085584011634369710988550892986519875745580454780367070262362131962034629988158785368496273331101867863101153007935162019912323086108411566368517258683
 8165674300226616064794974330027563505330397282679014459877009584848990591547509948903477053756967840122423569278926870183218866882811737640983510024615669914112350112504609556608959461762876537643164593272627230047147107680290636360044245340928378731746889426887985643699651458325631082369
 8414737260400816388032640976110854177796299062117520749205299023234155970112796574232815946963034070846798486029508942280414571731408764195210131266598133348526940049652272222472428880145975531515525720368657700531117323343157114770707048085856505563230524765668466751751433001771005392687
 7438170892709030661435129966749583770772637262798176587100470081039739200186819700717259935953004698173525142570264425538549069018402649735394950462808038980349303171780935391614768615289911205150475003693472853511035725372603500518320504872806024783188147780168935376732691323770538389227
 8589490274893637229707367794247122021619965065203006465091082405162985198141602719378943495395022194343724213234856041264588817419644378932789128149632707535812965693673311963097733029984555662639146036561775166515283921975056577511405798024782835370854494352150185444622662101982106881307
 8076546863142695085359634776200334865233488556636141331714758237478909009511744403228410633571465306760035480558046934306954403176079308427991798621942029332839984699253242467619582819617578341562269858035782736267976481805884279715063126048040409068852566754220832516734307497485818216969
 9024481192996614096462084477431248507572838405103708710081090828446980847845186520905897773239545362677459486870645077575971368590112668804241744016815379470609930641375772400883411609489095932388500219135382873048204518743209809311472296580194135118143362792888319380848434869032817793151
 9031975470670891888904950424590510203435647769065637443524592796856004858075898500641366097439625091036331026743234303211476971409882294986333186541997368833392329730682244422498978501938984582157950331896363553548713102938386964487424220714126769114535418538750993112190837464864129474327
 7106122108198262348522407478614701756903907760914086476746983907364481778251431024879716532839231532537338659994546536609077608469996401195324704067631102143259157263411944667072123556656545310258351456012224748216378364932703949312438531510368391333781777972803199738627758553181605506123
 7310832047726600288805916622645952688360044861189201522668543190022840300153400465934199343977859336586900666831851997017059135095186027782288664711789240752936845592492116102918711538003886079002541509019291458699597702094177682959362024230370340752220919164013032298549395827186938079791
