6445992717246335327559819771303368143473551745453935268738544059685272643436085667794917512010792202298392811552096946576353046656685466779108580567098709837186622064272163447021295630208785424392690139837049085227519848213156993385335355361768280241678189891280267232083592171983648071299:[(0, 7), (0, 27), (7, 27), (7, 40), (27, 40)]
2229775041271160949886513628169054961204821926288383277687933485789171801538718907102879517808804993114740479793492376714308256930597425625541083852464587012353251112045924702405146034085591068569624238833053119305624229273583813296458256196399493205490245292572230176072849344859043695411062574134846405617555001032970991360433:[(0, 23), (0, 25), (0, 38), (0, 73), (23, 25), (23, 38), (23, 40), (25, 40), (25, 73), (38, 40), (38, 73), (40, 73)]
2094135526490010231030631567639073907022514026777952000180763231249036961830401092120890875353935010537848625049142322247948369522410149273434963383473478183080577501295767866570535345506730790915920542859058486095479455334276439765450288562084097385875368423709688744187587285802867514004885990341644195824888979160525996542921:[(1, 10), (1, 28), (1, 63), (1, 65), (1, 72), (10, 28), (10, 63), (10, 65), (10, 72), (28, 63), (28, 65), (28, 72), (63, 65), (63, 72), (65, 72)]
6464054847577851227723935212606913068226094852120660777878871318125209665649015637723270221160757571227906567139949819415494988826064141723815186219232086599227230751395921006321261541947478805150547752008121465688397856006566352254826784974867841557587133384588236867000056391452738475181:[(1, 37), (1, 45), (1, 68), (1, 95), (37, 45), (37, 68), (37, 95), (45, 68), (45, 95), (68, 95)]
7805390886521449657059130162578868636224191986782643188354564853064171704312378054281534271843295768569792148864202861600737424072355340208159552590156963500131737210901253101271246198973006578302652851165360504434889714691169335455876318424343575048914533912489855732797787449310758002943:[(2, 19)]
2139527305638364131351772903775056712436004117480967708736660591509648669511940129394767326156432612749899930429804604246074410021644866516095557674015025765425120088812903524056838088023488745996992053483749076782611760600830280911299390242109262703027969386242950829240135975390095270514615750607005447359793296793757746413559:[(2, 22), (2, 26), (2, 69), (2, 74), (2, 99), (22, 26), (22, 69), (22, 74), (22, 99), (26, 69), (26, 74), (26, 99), (69, 74), (69, 99), (74, 99)]
3005027078819848743579361116344915626896248399853021114542669464956935854717379625972811036717272841977719598091070041451926568595427838180751187638571487687001781393706543780479793473218822020961464463716004300420696572193061229963299018693073530654056996012069367157974496316627356421845392796231035569923198834416192134564733:[(3, 11), (3, 30), (3, 32), (3, 61), (3, 78), (3, 80), (3, 89), (11, 30), (11, 32), (11, 61), (11, 78), (11, 80), (11, 89), (30, 32), (30, 61), (30, 78), (30, 80), (30, 89), (32, 61), (32, 78), (32, 80), (32, 89), (61, 78), (61, 80), (61, 89), (78, 80), (78, 89), (80, 89)]
8919672015653334222102269263227475494415832255341806668536207615553673422848365957581367381736233377836719101787452923568837969526107529318110049046811761725615442391400678789286176852013057506254400658535990632782802940424247756154379112418094417926755446167463796868404963968623052955421:[(3, 16), (3, 20), (3, 46), (3, 58), (16, 20), (16, 46), (16, 58), (20, 46), (20, 58), (46, 58)]
2718908178335181121936089798930385162079962965039463282044939117517585839146548514207835440395866184281899757531744032738497572035892557416734650399562153790382236594733076253796102904388002650744155141770784325525465289447307268048443340917892034803430184141900993084587566996905409616288236671462447288602438353659722336004003:[(4, 18), (4, 49), (4, 71), (4, 79), (4, 85), (18, 49), (18, 71), (18, 79), (18, 85), (49, 71), (49, 79), (49, 85), (71, 79), (71, 85), (79, 85)]
8875750964955523704404385445411793530334427779030967716686544500607321366391009340822684016678207289263660915129654420073631311050600333228570830057800814338895877419116838120117664056997096652382023194398377764443250430436642134963902184201245276169591042345410444108634769257036861439991:[(4, 21), (4, 36), (4, 55), (4, 56), (4, 57), (4, 64), (4, 66), (4, 97), (21, 36), (21, 56), (21, 57), (21, 64), (21, 66), (21, 97), (36, 55), (36, 56), (36, 57), (36, 64), (36, 66), (36, 97), (55, 56), (55, 57), (55, 64), (55, 66), (55, 97), (56, 57), (56, 64), (56, 97), (57, 64), (57, 66), (57, 97), (64, 66), (64, 97), (66, 97)]
7473850380925964474403591581038864149737536949536153776440255572505852468134584166899256242249996218569847690812617852186865880708875629737345323148862433979073521082997257748753826676786978364085236330543345410826505018107153109037428306686508006484570602206673146977422112232741644789577:[(5, 78)]
8558547867931327264185206353055676654514827624515370245648505010578306324749984306198054896293628118811737406940984680842753397472444885427931105599678024804506711633631709808060237709238273453393585164711158005920940737208041451034237012278900413279346178409893077095243356223529419000899:[(6, 11), (6, 15), (6, 31), (6, 70), (6, 81), (6, 88), (11, 15), (11, 31), (11, 70), (11, 81), (11, 88), (15, 31), (15, 70), (15, 81), (15, 88), (31, 70), (31, 81), (31, 88), (70, 81), (70, 88), (81, 88)]
2196742299660478655623873341418435253547754983513040880684329754506452535804767906169979645586182787374349131578446132015972721163616589051159788967432943109251187231410790547346615500696978868347699763646977127072023728769589223440586240935949804540661595288105258647824458558121911109966421131213317033330858416704357877288047:[(6, 46)]
2624723464459494638937797622863028778180422909478779268209300149116123140606001571397053583041853289930429175720540767497553793722075230887212615063937929437826743805858847136287833597489449601556588298782686864864176156990084926195988556016124058740679873027699006966414718540950220316106456107996774681216087080674196727374527:[(7, 51), (7, 52), (7, 56), (7, 66), (7, 91), (51, 52), (51, 56), (51, 66), (51, 91), (52, 56), (52, 66), (52, 91), (56, 91), (66, 91)]
1890120095387145437156052215494273463517598441135071519077460244959326875611230883544212139357556153008568856425107502901313819478994231822847273317271257000830275210443333806670503313272639388917889724016445563580269623099399581305172969101321712209115719288664770781903261363958324813030889871941094052370799985082145172848677:[(8, 29), (8, 35), (8, 77), (8, 88), (29, 35), (29, 77), (29, 88), (35, 77), (35, 88), (77, 88)]
7879187173992886358783548211186256778849758167733373791269895098033507367318986072101960072489739687960801401069072640394484333316976430918099293591255441826703133230889527939188002628507382156194690998594838762159445704881558664348888138191640475339842636570674716225906167028652557985461:[(8, 59), (8, 67), (8, 72), (8, 87), (8, 96), (8, 99), (59, 67), (59, 72), (59, 87), (59, 96), (59, 99), (67, 72), (67, 87), (67, 96), (67, 99), (72, 87), (72, 96), (72, 99), (87, 96), (87, 99), (96, 99)]
2186586675224176315908690193805582887409820288875250602867307747526229814436240784251016389803253161441901952467223013431320314611148281932054646059261219073638719028108598094142078596706803208083090308111123332615544759276054587036834413317590285395220980782607894311738572809465290285316604342161751377100301868546419651287843:[(9, 39), (9, 48), (9, 58), (9, 83), (9, 93), (39, 48), (39, 58), (39, 83), (39, 93), (48, 58), (48, 83), (48, 93), (58, 83), (58, 93), (83, 93)]
9433689410763244111771810710834094472978567637020787651144479002833336698483192791179906436351628817707877971486501773141014362614715262733388272792852009187029039159748243232661443008298804506111274772030961568280101754347255398843356639013310138078212684471787762175486589234935286205511:[(9, 43)]
8947586620081281186134279111683092751483040709489938334522383727431276316168778055225046122251563382006470835859365734913063828867808210603095512172822528216959453930522762377027891947301184024888235807636270619892368527118543259759816316739605064491265937165956051048045270880305662318009:[(10, 53), (10, 94), (53, 94)]
2269369949579846390979848097862416685575050555338759741514702679133867115423459928173211484886374470749435167324647167202840884990437490806231838844293498890336944014023088720426781378195434995678938148648773338127267704734922027889870769618688191003325770170655477024145084199163657067876700710588084679623645573723613353566601:[(12, 14), (12, 15), (12, 21), (12, 55), (12, 67), (14, 15), (14, 21), (14, 55), (14, 67), (14, 84), (15, 21), (15, 55), (15, 67), (15, 84), (21, 67), (21, 84), (55, 67), (55, 84), (67, 84)]
5999237795073772846274879457877905742300621110788952340520199360605767031093225838031341554312398177507005536223753019407812325219339819647281017250349318390955051052267011387329300137903367335022824564580079225375917294520273700609806576482944447775199156080487597894982916102390378082691:[(12, 24), (12, 49), (24, 49), (24, 84), (49, 84)]
8963579437884772767393779804286850730795577398185921507857805542574473083500621572376401308964148303612933931527673396113706082850333311153908856519480018236217075339461931614980794615292238736696503257869254313566234273015379783263570832724812703268620742997484900415466051621986888673611:[(13, 18), (13, 34), (13, 42), (13, 69), (18, 34), (18, 42), (18, 69), (34, 42), (34, 69), (42, 69)]
3283866785157292375688962731090370426802338808283349194767015209594568159335380790807897688328845937188631284076085612073834757646556290082647714295180655500247403941238844255918710062677678606837200753782107644267829898079867109776247904359867165980438404311348648179275964551423158081966095202988736159097449922527226589170393:[(13, 31), (13, 95), (31, 95)]
8918757434994317958427194010817961790170830914168448333415741980992608714085941462312855837445451880922007734042573970830488689293057484380347052506870895767882241708119778900117248241900773592518048156967375783665873944444159580664509563494856284768918672040395797591358762206304243431119:[(14, 23), (14, 29), (14, 30), (14, 50), (14, 71), (14, 73), (23, 29), (23, 30), (23, 50), (23, 71), (29, 30), (29, 50), (29, 71), (29, 73), (30, 50), (30, 71), (30, 73), (50, 71), (50, 73), (71, 73)]
3245640411331990911489543412404577689273718560802459087050348413418292260045834720645622960446772945142612867589365052241359619064121137314646396227350429543686091345621722951475471702422367940030576286326600957669376545098609129117214134556650879717141130103865417774640114804774470139351854649655122557052853744525327796166193:[(16, 45)]
2641692122623323633909353938127023615156290631686680098486543354311307721518584617223957252403632971491998237366827799735996601753670627439328177517319021199911947778967580037207968256008358888458293518443176740902326666933346653819034146923378587280738832446106051517971645461298270328878146177652261038206366179473802789658183:[(17, 27), (17, 42), (17, 64), (17, 87), (27, 42), (27, 64), (27, 87), (42, 64), (42, 87), (64, 87)]
6639082412764653102370846060473741490306077873124900107739263323913898255880527256544862678310195494113307688359215359652884389920391599454317922814585264159528822627584948571492621538153153813061610977906692280006216858306293725048599746966116812682237537840183241587429175483058946313733:[(17, 33), (17, 74), (17, 85), (33, 74), (33, 85), (74, 85)]
3036449521148491091897843621803501351163847428721801643516663449962512589033267053750435325808727330168146059374077712306273562317355780061716175502741507522239739613946747188007693570797179341977819902205973337866683190530826979590669798213110601821588923431589096381649591295818375514449023770133687099368865106605707236089853:[(19, 20), (19, 24), (19, 43), (19, 47), (19, 92), (20, 24), (20, 43), (20, 47), (20, 92), (24, 43), (24, 47), (24, 92), (43, 47), (43, 92), (47, 92)]
9173808788698850607262225219256592431110333017238546177727739777685547648862091595422267070218207371643289958182689354670517978668320074716683101348468856471080138708584369929623450880312928148341660658502170641369164327258340054157977020055365751754053592752208281084596327610724082748483:[(22, 54), (22, 77), (22, 83), (54, 77), (54, 83), (77, 83)]
8586246855661801057824814254915976445594830895386637868041172181935611189172399411778714674917950337120559865468868985146838925744667469387762810761397118908898372668160928366986508608804523484563159982362265194494688799467313028816518014748127948848117135490899514490919543405753902488183:[(25, 32), (25, 62), (25, 98), (32, 38), (32, 62), (32, 98), (38, 62), (38, 98), (62, 98)]
8356818125470420852177022200025370170113947074575529112173147522524319356008073961899078759947162696366730996467934383562282591292188432433266264590887305921725509728605912430235377697612337253788823943626954848434496035850843165293713692787728480625257042781066622256431748064951654950701:[(26, 47)]
7581121511610164833010032204354639407287159828989424397818807166828382590755021960699352872464380506386048213625601375086048139683540628428953124934168654917448007616684265162375150236996295030423434284248132023412170348539023677333273063126294681379187048507192658166414584968192938269027:[(28, 52), (28, 75), (28, 76), (28, 79), (52, 75), (52, 76), (52, 79), (75, 76), (75, 79), (76, 79)]
2437754152327592104086559627304931457661948124346138377246222211350048166247391979887740745023400537374755948088327812103647619683137035026125114670009203155716182505466726527522744861498922918501171413362991156743322171206929489074969340349329859053812213882610959752028665219334238600268467872181292224389655050321130707138469:[(33, 41), (33, 54), (33, 75), (41, 54), (41, 75), (54, 75)]
1925164879879841029625727995807330263880035372877336574653103947743040284213939574188211631681917966177807362832639878063128243473320414425451460107277185266595031074004833743777502600235654345041389060965756569660645523045008143998897745281868877001291096867407455147980243310719217785358156303484840568404580825550138259604869:[(34, 36), (34, 86), (36, 86)]
7234384273056031584084300570087960622464420648853758251646693855174064003225002794864540695942900984982548631999533084536796524048790603445222290715548436432139759329402665628139725774133225727142168829551670600646069987264511227374306693906131190217238351689303595405913078527717061110483:[(35, 41), (35, 80), (41, 80)]
2976744318535553653862743673400218534901886405768054617224666600822003389013885645124876230912311954746356116270253751516232971263888851885713654910370426834977670358975104492446786887350409960482211068324893173008855070878215920715054520402479820501275569000486422180660030563494422500058275018216424732792811961978641702234619:[(37, 44)]
6529209748051761702930925733982028250735488823359890289894837781114811123878717700329457248463975017706305724423550898458518702212781650104283757018378985504541106088302828768634353510175316106176664255024271451327681742154333488170223322830159526620088562344213474567943408132125344758717:[(39, 60), (39, 65), (39, 86), (39, 89), (60, 65), (60, 86), (60, 89), (65, 86), (65, 89), (86, 89)]
9611500859547838161628451424693343524702479453551333305462690328475818154416132933947910621922974191623974019200437283012471306354880410284165956134625310643447422297686408284609207524784488051146426194263059406034657412135513861681807314081129807514836448708391839889489743292392765110219:[(44, 91)]
5172689028280627603985747550994800459508041332887067577280110193037783430742048580082178181812265551895527806438668861793247295966577679967856808966937328130109840326856251636853643276775425507797712532487781883123470296386144478544065022913755439392456486351962777463789667329423406907029:[(48, 51), (48, 63), (48, 82), (51, 63), (51, 82), (63, 82)]
3297876527487332796361039876675076985834938106636338405455491698763640730149953526291676014877149362326488545271254338946472106322725746769599954278006438496069367024667287434421578931401936390574055139943852103793552200111215118591316045844142936912194369241289195809537378784221483954001156349511639142019525703042875789061521:[(50, 76), (50, 96), (76, 96)]
2637786264861940798569843952031260357244264309212016436970768863592140431945071286670431490737471488476952053652752133385274651895637090450178264682115099012844273957038507933577593250544560650653897192177887159994928273355194424340689234548298290658871644341634303330618128985630809119098528296595713896038920695115771600321389:[(53, 57), (53, 60), (53, 68), (57, 60), (57, 68), (60, 68)]
2557606655327120358322120447365388050411588193531611109665083102842162904098404643244823473921521139801551786872359695068822669675525982202450013980767433258875697205228846433128489254893744242321234027960769516667639125408164508739047589011219221258748740788044661916708854320137222614472233439164439042248633182425152817790493:[(59, 81), (59, 82), (81, 82)]
8929368020078528215099784765629833686350481749908749544614295717669016708719437924784511099408481826745789042324515761372843347634148579820200980246834055144962316466984166919103521754472757047808980776379750232784473134579235676386775248044653403058272405796089913343623488890032505326221:[(61, 90), (61, 92), (90, 92)]
3155386002173425189394097899919812936817204113892309572242888441685679641487292037631858684813250642324191535995561448713014785900879226716419442618259350739796759223197232044354874954775351133535414892707416672889015718178179514679935429322062192247046889782346971873011789425258338884207345636770413821656142831218090365308291:[(62, 90), (62, 97), (90, 97)]
2312859421206271064858070956689173795408817744679069838506020784598191376257398226888402663476358252182069306685727831952121590322514982029979353805364548264742418208122849773577327486330194881123810772760858921317714112372131600182817517296048018536683023828417777765067289215476546942887560094691499489021345320348767313610661:[(70, 98)]
