 3283866785157292375688962731090370426802338808283349194767015209594568159335380790807897688328845937188631284076085612073834757646556290082647714295180655500247403941238844255918710062677678606837200753782107644267829898079867109776247904359867165980438404311348648179275964551423158081966095202988736159097449922527226589170393
 2139527305638364131351772903775056712436004117480967708736660591509648669511940129394767326156432612749899930429804604246074410021644866516095557674015025765425120088812903524056838088023488745996992053483749076782611760600830280911299390242109262703027969386242950829240135975390095270514615750607005447359793296793757746413559
 2196742299660478655623873341418435253547754983513040880684329754506452535804767906169979645586182787374349131578446132015972721163616589051159788967432943109251187231410790547346615500696978868347699763646977127072023728769589223440586240935949804540661595288105258647824458558121911109966421131213317033330858416704357877288047
 3297876527487332796361039876675076985834938106636338405455491698763640730149953526291676014877149362326488545271254338946472106322725746769599954278006438496069367024667287434421578931401936390574055139943852103793552200111215118591316045844142936912194369241289195809537378784221483954001156349511639142019525703042875789061521
 2641692122623323633909353938127023615156290631686680098486543354311307721518584617223957252403632971491998237366827799735996601753670627439328177517319021199911947778967580037207968256008358888458293518443176740902326666933346653819034146923378587280738832446106051517971645461298270328878146177652261038206366179473802789658183
 1925164879879841029625727995807330263880035372877336574653103947743040284213939574188211631681917966177807362832639878063128243473320414425451460107277185266595031074004833743777502600235654345041389060965756569660645523045008143998897745281868877001291096867407455147980243310719217785358156303484840568404580825550138259604869
 2976744318535553653862743673400218534901886405768054617224666600822003389013885645124876230912311954746356116270253751516232971263888851885713654910370426834977670358975104492446786887350409960482211068324893173008855070878215920715054520402479820501275569000486422180660030563494422500058275018216424732792811961978641702234619
 3155386002173425189394097899919812936817204113892309572242888441685679641487292037631858684813250642324191535995561448713014785900879226716419442618259350739796759223197232044354874954775351133535414892707416672889015718178179514679935429322062192247046889782346971873011789425258338884207345636770413821656142831218090365308291
 2637786264861940798569843952031260357244264309212016436970768863592140431945071286670431490737471488476952053652752133385274651895637090450178264682115099012844273957038507933577593250544560650653897192177887159994928273355194424340689234548298290658871644341634303330618128985630809119098528296595713896038920695115771600321389
 2557606655327120358322120447365388050411588193531611109665083102842162904098404643244823473921521139801551786872359695068822669675525982202450013980767433258875697205228846433128489254893744242321234027960769516667639125408164508739047589011219221258748740788044661916708854320137222614472233439164439042248633182425152817790493
 1890120095387145437156052215494273463517598441135071519077460244959326875611230883544212139357556153008568856425107502901313819478994231822847273317271257000830275210443333806670503313272639388917889724016445563580269623099399581305172969101321712209115719288664770781903261363958324813030889871941094052370799985082145172848677
 2094135526490010231030631567639073907022514026777952000180763231249036961830401092120890875353935010537848625049142322247948369522410149273434963383473478183080577501295767866570535345506730790915920542859058486095479455334276439765450288562084097385875368423709688744187587285802867514004885990341644195824888979160525996542921
 2823925985124742388547377978446490184125436449032970857518257136880545015741248109966879862905527768626519458248711081716159065264193148052843437568466561198463677973450200755892562219235116682972459656576044941631730514505231607671467448037235056709994437817834224621450093933855228754815207193333973498298179835372621192497947
 2871877293373610585376790753856736956481303054298000795617594466982497778241842119770036863053763415923734439126917854474667188128435486510073878673742076000121318473646999318378221610410747360430864401711153378023973991243331317638616488396697277317269542875728426167725785236402383474344537552306520921136861610488708812467821
 2718908178335181121936089798930385162079962965039463282044939117517585839146548514207835440395866184281899757531744032738497572035892557416734650399562153790382236594733076253796102904388002650744155141770784325525465289447307268048443340917892034803430184141900993084587566996905409616288236671462447288602438353659722336004003
 2624723464459494638937797622863028778180422909478779268209300149116123140606001571397053583041853289930429175720540767497553793722075230887212615063937929437826743805858847136287833597489449601556588298782686864864176156990084926195988556016124058740679873027699006966414718540950220316106456107996774681216087080674196727374527
 3036449521148491091897843621803501351163847428721801643516663449962512589033267053750435325808727330168146059374077712306273562317355780061716175502741507522239739613946747188007693570797179341977819902205973337866683190530826979590669798213110601821588923431589096381649591295818375514449023770133687099368865106605707236089853
 2312859421206271064858070956689173795408817744679069838506020784598191376257398226888402663476358252182069306685727831952121590322514982029979353805364548264742418208122849773577327486330194881123810772760858921317714112372131600182817517296048018536683023828417777765067289215476546942887560094691499489021345320348767313610661
 3245640411331990911489543412404577689273718560802459087050348413418292260045834720645622960446772945142612867589365052241359619064121137314646396227350429543686091345621722951475471702422367940030576286326600957669376545098609129117214134556650879717141130103865417774640114804774470139351854649655122557052853744525327796166193
 2186586675224176315908690193805582887409820288875250602867307747526229814436240784251016389803253161441901952467223013431320314611148281932054646059261219073638719028108598094142078596706803208083090308111123332615544759276054587036834413317590285395220980782607894311738572809465290285316604342161751377100301868546419651287843
 3005027078819848743579361116344915626896248399853021114542669464956935854717379625972811036717272841977719598091070041451926568595427838180751187638571487687001781393706543780479793473218822020961464463716004300420696572193061229963299018693073530654056996012069367157974496316627356421845392796231035569923198834416192134564733
 2437754152327592104086559627304931457661948124346138377246222211350048166247391979887740745023400537374755948088327812103647619683137035026125114670009203155716182505466726527522744861498922918501171413362991156743322171206929489074969340349329859053812213882610959752028665219334238600268467872181292224389655050321130707138469
 2269369949579846390979848097862416685575050555338759741514702679133867115423459928173211484886374470749435167324647167202840884990437490806231838844293498890336944014023088720426781378195434995678938148648773338127267704734922027889870769618688191003325770170655477024145084199163657067876700710588084679623645573723613353566601
 2229775041271160949886513628169054961204821926288383277687933485789171801538718907102879517808804993114740479793492376714308256930597425625541083852464587012353251112045924702405146034085591068569624238833053119305624229273583813296458256196399493205490245292572230176072849344859043695411062574134846405617555001032970991360433
 2656415275091481978161206226410189504153376251222655579490638966600853774131145166601246710037010032680903842497988934499841120136061750971203692804185489626586136380206622969008907118032807091986856995241135642820777657734819065364965737189417162054602804206659764828104505475113007441240134564382115272970205739450699402525817
 2284312688419873039009180939920882245618799189649055560272871969978193691533030802628631559806045220907018406841083728338947517430119625845488487758504426128373190172531093982132301558767342350028991832804656792847916150148308611230302615997591047458867509805081785394391539603767260584630888693740304407904129193162287315556957
 2765037382272381589864443267577927191976126656837664135437947732635522139306764963390587910064167397951040035798817661213403388568970437703389258613827121034642701627109231184350916781305870538622362678541985462696392246442532933097849458595544480377083202668538242524639231147976586259359480489350364914464702757079040189554941
 2871279030764134403823717711341626106307288581828343019245108419333203201119951653223912091982894854829126298396860861983643034206404366272773733338008313800979419294517261010743566852913236629685359327604053079225074538232199965444132064908041781165061696159947366973723898126827618960212988189712696910038144044262505454517319
 2125525024933490584722812802732629641628431226640271830338632437479613217001726493690643175301561790440535936519586621911056212821636323213404185287792205201490283533971221145791238175980167279148151223309831562657580416256015709999751952190758257451231836487653131578272533647686098880055294370951297999431787592058434277079919
 3209711536239751873570075762409452647198936236275741056446370130209608356304395475851979968132357951990174418788728122665896246996318843199055281315129652148566625439202188113919222215429163727729909915782024930660841391138640757592981814449542713891112212688712836140449303750115471656052352728148148620172187927294778074004351
 2780232265592001904376521670727290340587016091313576896963222951240439718722169839427242641418745773354829910649246446610415139326942918344704238486826492068332819863975788250809510011947140536555168884138396169331906805920347825102679034167043699767977976805695825394863069768761790322846872167732026913118106232506156824160047
 2885482771774382581368763740844334182334224871218326147623007269896953644363896824979707583110927851366623434377786514419819675133664687582403550472141406994866348531305007791047151258069172309894909407444002187195687969405170414444516283517065659174455949071674656932095344703600865036711844056994314874452401331876407161780401
 3220884624940405880107321633445861002088158791851183917890987829417262004322210952278005428466347987996311135585427817870649041632698100134936377216135911434743911109440995541997741641083295653193067595445055462520831329755490873552482353833739134260378201178149596095384835255448551472190019562192075879403340002152948758876829
 2162787791422169970432357434575763655012470902244152415912914445367074043292700564110190417569256867093482918043947506336287283442750973277254318135446768386638395826773885301787921629706020079842630433261803417360278123333780197692406975513823883527317904683550987198783407416934465433352845288974640373404574958073039542238063
 2170936409671342696207796212402247777079426180399614691007146142478028287983179878085017160459698511990358695815333614553716436797992569267086363783648582477551807479877865742852841901038982983907225143198682333850542386880467641160885350506317957795878171053600034611826722692835827326581571397839538318832517110282706750157109
 2488071817864874134416473653993953977360554911377162331736573270309285366545688491741388512995640746675605315015877578070070832831734935534919939426873793798725942550571328725968424542776909276218996741732027118668413322801835907351997011794354701790858081183924819820256054112683876406989293915242188945889612968925679432110761
 2534960335611600618290820799338575575309337716452001103129415932683569288072375007792475453069823365535010917348603758068950405779533059663203731083990067855217431451253560245502293110786215327226231722556656498543385225487291004712958962548864710849275456915144780036638290660700336209914606472273246989644903771183561201278511
 3024232061142692215457080249463464916132302821456444314397794062264093084571326448980589587805194035494664127638613754971810907240794762144036017009418556456477902453879667385043427774752228022470952127653414629051579229067175801702499496458322135405331400985000393656470688262678221579222892885536345315682173015681426351765849
 3255072424578423849355424664545335728910058361141693056532327860436731087454914301242591330565509313427361050621192783511768571386029154402668861307403700624439052899425738765345430450270000212013463123226464863408246927614774937071979873929390800266335439562959952132059815282672282176669460149317448685794422486266778586071741
 2023278152134847741542777191011645440953092310030214602848849736881301481323315058695373998015621744394629011232859579278849796734155830608786728228731081251885160101576352638519602472550068952547380661550616158023624419922560228905673736880923203693687636303232335840054578729579552145925220416831856595911289283586800548609247
 1749428832942146339631406777984910731056403330204014747899017960631991962803245960594220788238150664433044427414223323533074124848038580725030642634270048288744519110812806358039942837935011570995336391309818192895086637774264396690981693329873542152849623432894889673441185583814704136616998846613762603370872198326375536911941
 2964405433185564537568125642488758496026000576941429182854851742575467452789775851626653388306729977161187474789613564240638322790228808005850091494306410381460788116142852915509586639271202928591848789050738383770791777903023429923817565591390787454363489730601588156543212702972047193486003087276142672522459451408520830367947
 2795241297446984888258293684644061065450901105676951465277438115082863076829969580653635085552660006099632224262157082793110855613757769246294523089314424956903640118421395824551136123534355083421267583094880740237167938396899803280810210130000122666330463005534287595318195121059283644887556302136364940593896342359385374635897
 3052670125148549808965711678577185761670071223329229245967160660893804360946005560901509827950908065707771995726168574115302702656342019377136877455427886055961129486940148636768114552507216526437833671820215913485936608007383974728757394855615025091537659206300500524064239753682819713042896545610736360505016535532529332807087
 2284137477529562427263922801585785980903928808121668170840486876316334492765937657772954968750503075437166679654195307876510898542648399101919328949729261546333411833385912152273809308849580361118333071313769755030790902580137683964297720411460728796071549987241388626820610256701628615396321744527888929965289729321236788232767
 3090529559507052903029230764914327279491130469213869137932155550371358118244411595524650048060575803437245957479708327380209069034956796812551914341668694573858085812700197663589642756720385964612234891402988739797838934896972138795958364963181088516963854387742170427848224816350409509897498127869491513395607514933388481231573
 2355487017500871718092980051878442461777312609837524171355594430590230663886941933393558804944845094424172433759793712767258051170757545005178541771133324516416066795052364488763672259433425076892224928111323622755337418291610228186409831606603205511129100040910228228149850562846062994005569050576812915037360803288252162093403
 3311029815239020740605020536507876541505649617242162586977594357720996266249365714116585501102196562545948783314041294992432094965112560273774115708554532198447901664936130820790715637023884165482809324357543605442102279341032017779314414875695779840823440431713648749168903893393951875906893698448913565751077731853705812016467
 2506227665665440478228184253703538297063029748109330072948977167262916696192565459785822746111951925622077125779294934201848879938993314220706578974823194341818946484848254230690930723161331776618482179039669855285043038865787779315246355001496709071684071680696780673806436205947677843631705807812331947099654980771656946545113
 2793586708456656527965983967325598863205984583952097796325926731258705336108616344323914122103823138692839324299494519036192217865365584223464498036506095491714462766911845507307976962536744665849707150872372583481395294819874590162826656230272953174633216362943193050124702650446523557920255581658350207486889746694392331650001
 2825354465459262987510519290690839554296781975675289194845138887994705851410850385796970923285718205917525232792228408490030540952888737331087956675389471492480240431493470785448470730963510216612902509564617535234680752199094406182867681172537286720026809563065245392730944574522070821364685516432849192872277532282745142177963
 2408261487554151070747994420464538994987685136647003282548118286112454900307065358700618615322248081836806087089961491381185957247637105216249727067284258040393179467568549537093027901643926943108449736139567065927094111847838784036097261085996504087365899568879301784419511420954943754018303735420147330323644024788687862273671
 2563155887533925084572746138376227823640962334810360685913654850283222514362303766339064530658663779647828920664554857676107877701479161192678286089348641717220780358194573502861789557964879024220784099218582735166459985304544388288423233282817727909169612017355131846739631682634028653163342125535798076489365736327660507562357
 2981051281821380180919475941603328071048671177187045610413380428407319048335562208570313740958517679559344968106499692446040206681087945600872406269445564954703096143509402027201906390969203584467282914606094708571628494692157349146806536776582149639520954498910517908608228495858893992496372827877598577427197341817144006733329
 3246777197062155955294435747460328631573829694327772387300804294787205071550014571182426439917226760650851828395752674163581512891599745770936080445858880103073966344682152649830059172386680958781588241382811883154856615653358284113221072231070215725962098299768961053834516828675229350185604173808211529202774698902534379910961
 2531552329029877452456557830205478148315804660252315952998893030614671023571405361349695105483694082295949400972859842664044200657858687287324403274939424058902323856003336621040305319401648247979424694877859925700020751811417200945385824709699427847491479729158649523271849014357885072901526857835457473368143495083733286001513
 2254351609059009523954014974992256304057397887088388971361489110050688173097034764010690506382725800452934043115333730789592561894941464367848736358750390759489535736735134379942364956901488593637501846889498280384745201228024413246351281888768692344143249350577721444544919077458789277151943405833051861544207021134488152101847
 2609064206338931782072945767683069352188093705116963066298653034665533744625267093205591596016667779643093364325868975230493690630937008564738249687269544874918334303322021317348749413568628755054095120747852009233265833082410660918967061668947483358546796244455072822454717487673950665719583410844865431804506614280871825266441
 3113703028632151628955119486921755975230119992382860570335151597814537469680897152429507674898413138427209638400506679894852314876251147534736892739058358328695572724731238477353199806939728442095038403628608205744723269281770172320263071065280816360055463587067644083513752603122086793160842528944175712500829358117488139497827
 2528400300482335596350420975058314176429211633410071804385258228375077100108080975921973635852782887590171208652105778102296790768344326810772500707970917701877629972965003303150290664853837618633208067082361614895794325270908602717043589618235459849796684272472727240021407610703454371534490376396390132352273805502741368345981
 2798419412250836362287106052259377361904702990931054536824498767090028590415245569096041660002415607075864240897053645784198386763387892026414110358919080054042200455583957686655476117518161026232662243541045748433083673719651256695625189284302145733980800690231052060164048587838286491405690637705435716070849715380893845492723
 2823351068624558033252977921528292429352637420665034792426885123433179231600800548066035720901571769013044432149041293256634630674343909516455044249280180433206917067033647430835363477764596642815947638352334055696297225929756495499359203542040308632124496711803425350124634737929330277883691275559753061432802777443145258141261
 2114656101560412777036069710062348189622544162185348430547259333123898118316259035553985789076075426869259223676576094289981413466612034802843329017953183646213187624654837890246822633618015644307398350176201908742467376673203146757891366851345115554593418148952397401250587497357821695726595994114444850555142041742681130856787
 1727396543219897451384218851014091705114143135242166027343584963543800528264246856414203831946520693915149584126749407162200368457874214502532778247729002446533540406780847050939081422887447874367592363055427833380251666869600648227478456764177576316408875550034546087229728627514870274787399351168206845493746430095048337409061
 3259756240343659150931452807106621963544069479154868670987413910068050344734702869643569434470264329622475601614327159731769170250704165315991719036190521558245517626589532477563675552692266232828453030323829858416334390565486040157661995274047609747014056159604241298049596460113803659904071519851746607672506176032638677393131
 3182717027530415421474978139174362087872080287201137407871561197173900190884190562358353630688065550395968285003143926679913749908906500232819974426139242308711261204890723909359614594698006697006329687014895249238282588341643970407615724658735487899587364206094616927688430227700037054229325509273799650545258947206264323713821
 2476719826255751289817322951984630760371880617377277486476172832399256862151074544538133918826955554359962899467559784837863386374329895685156768667600923811840000550854153181495285087679135497384196102714020720715203345362627392698636328678616489816981952306085065266004417320365316495261914214630217786579587909147581014722781
 3225165110919180987058621359212881620071869207863236109307416436287962352777119752980903734337561881072737387981992918286609529221343362059772842572235747059649520662882419525275998550959646125791767353942768287876199459555046988294757396761440044943622989374927031710053030007115023159711121658969452469338879629875265610879673
 2760472627645458197703855610515850291316603927429196910055064838449392195143952103472537728050886873349793677784426125597834726246416883865372212497639747218834501154794148290573246365020718055997747665860988738916415145367139320318018204114522157445449515476363389197126912805576460506078075059019328908264111482488592188547409
 3195357734865982248126400306466099899115845704490505304832906703657831098547615524532943453295576931738107042988322267419352451395650003575125079867169524426184615510285994797516983167438277826215519060319073009736341169675873126152502677789764322299727165061364959342573550629964455363738335819204421976075669747233254590520241
 2370063890392992913060516449392512418998398771022545842374218733988479848417028012690307387716261326389453548214952133414101605140749669567084283810750698921097000955435705985241961925605165067549866938942122619074858632737815762170352520997510894903387289392827523840500852955282483572726458899417127963754377330860471125154929
 2930470122771952608824531915223604432576664161657971867081423136817831704899475277057253162522777399914688124861882193491518315350787157009045313702327016067563566150487746882983430672016271942247746222653874089020936736969988234466422684155100370358789361899602643369758425213168226482986706642131814387652879307392292709397767
 2361994272948234748531759209971292018764300026334469941630429874565790283660214617699811234306009262368827836354277016178253938946111988128558084985671623064653185632819659519481063147665157354506302993037534199579852325149570465700533992587539457392361262228148714193406256976014021287359318893379633360438113237890450474802683
 2876623631808656206769119975717354181698403436268383215713439644916157107020061444759909892352533237867420137597971364861198190456083449633441293803721607290457857822478544578642535367261035736592365377207054075859184665033984384667409955105077400065170732567937276886233860878930948251962072155453033123218480904358736196445049
 2575207063292598563094886729794722273150594123774352624769354028028791727138411682427617341208750657143264576350466447486680578962980668513596186177351429793643299125493438570454547008086856474083130092618217935592575066932835180509702730494003086717725721427256253903340311158566817973141621074034594173376903876789792152527527
 2659746597463154712271231419677862619665949955101690747260297452343322392256256133640190531616535073967449310329136216214231402437630456103954624962648195563142509527223545455175987531051958806195061711633183848097329956795221829052039168696541650499282641140753522250464379622599575909920751151095184016297163996164025149575709
 2328191999073976976755085172116668006080408680754996244280773527402189554469636057755253789617114355311149032079308640869789885283894258047635018270461302701761910220334160418238427324103557364465493712273119084867538872479441342980421595947031121529981326310881519586357218855528181622840400120266695303572087168600737304823017
 3064854681182460980345544620294961758971167522034222602784813073655561194402736551816384714665473419911740775987165554146721644857210625166543718801310265268758856209329814105982064667895849834301135116769370993396068279884590194501965124071878005043012685260312923301411274543458937696324900185081874827867858497695322152377461
 2303096531102569144288589916353500366137091710557169629758163797089724556477607324668972777198070100791796285836553259488327522981112475835724930093451649743659110525680223540963379258833287469727786447320217799772800545331001662839407604474575887580560835149337359344130139680054460153274616743833838179249499516695888587100711
 2773740268599700679652355578228830404847963154877704219398629119513632449347840355790484892289975111817101150852877974285520520993745580029429624730411509182995299023794543196737114712003454632664175620535217562892903773934125591919692100101206625136379754868163650810985641973420304135247675057584200322200912120990856810098031
 2903160411233036718379860929101301629991351124764570025126991139559564156256258585861848104812438478274820470511122055876524161171621149940633189177511707910427978805547817688325031122110158248324676301705313865415665624256537520418129500376511990746068517772470812627897919426661130702548482416946327696128018830330625725874977
 2714235978986023003577162602052654545765452765510379264724259877475182876648175116623276586922363816756093422587213441162497766543594231649633756148502426618085293345856364426729002928979488559955979861288821300448504983173466794564441101957834941967859629956497718657525361213029019125291596474843182330932384736190443321691847
 2872595417098089648250112635697438317395572919434522726144197903150023832031923019641256467457099538298380288728548256253785870552259016904239310498257690371330193055311696464275720910293167884263879478950931593754185419505515292703115639887833041522050036354584260560368691542033308547135392489496177171860644611576023575296443
 3079228402337340386311373854646179996416363323695646248855928675576200521117361926583541271564943711013496109116809468439982363667351731509709402758763745948760132448820734127906142229888721107506404055293514458486656196997471086919789499164411635023902379410631295087215369016195243683732804449091517437871335439649084939236287
 2744142299606758301960106723419851554635639349282578843032372825385137394691867971484508200371671643125021257133041867818831207932661918829207719601697474196158234588083836782288140788177387439968047011291378151691016899506851335561245725502303939803239508266842759508849517534134767606560323791981417246620168458928890891013001
 2374470907622440439428619751676588741395848459102764834595215710546883064466001221592021780346266492941742092209664143571937722517949535809882472262675287504879890875025362453355746263764491637405655477653419742335131705672485707593186110068585179996088786605767400166832837270553500514519385588545659760700581752095119491531189
 2316754047484996031578361667912821094717334481862764372718312108525344645824838083019474951049047747258643737309482864327217523201064172411298993347482607478460218632885023100268384325566885898503846195480927512501004118182396621297105669878510782333346063245597533986824419588658903690034352533746425743168469487240881415886039
 2673572197628520164971617335027844357265562215367413836363996607119143732125607324267800354350907081146653859807926613008255944062787637015599800121311683883042178056001858017229124285284173092277301452728416337292739237728355333976718176829477209985224227425489678046439612455754836967919792129834377487294346372960323948519461
 3149488562351645203543075867773508289213167960266863972709405762528970935415298251875854665709595347373264701638890933392439709735029035658244753929238271227490797178680134979190028906432707004189402824099289034226421668760901921392358704995975662499774689997375611067271744777101448663960059836187227640607083143566132526000717
 2663472976941277358784803185511312337537006016107102199651998996907075888514782497045926193361978583725936769773398333021551653858254115480022670540753437967341986100656063530927086776195821657450410416028247248551788523378863278459456531472531924567207765231197022695641656489990078051042168718034996479823697562303376380123579
 2815570056376283820726866524429958431270048381809143599680912235738513978569794174910073430608105430927726764436784080186293867175614569920001635220339624736095992534205831713654746299200083697370844638176113628374029902483151535067451980629916654844277891661997464129285803080823828711977148007247570266961134059250108289747967
 2885110574713944734176525489881095220069088105341302644052092137230511828387251054022030343828991098927751770996621465950012866202826193264948301823246243073636976187815470940830641860281467166669868173630170140073532373999601331199894585188213777122581224829118498995294120891760766644847281664067864174947327407707220902750001
 2376631751002321849724539155994860519286675530492277430330935396869737435077298479784619864224070732348084193182043066410237174355276839635172367278214531996884028727734464804984920724145408016058003303939635922327575499398472667366351603315407122876735918855687527999119022745523548312123636984390617498651566760054721406106027
 2299999024560696503226870355143256643149923366004335334210998348865086399387176513252789199582440105913125039216395001847007567173184374309602789605180759950933780810805459792645530266693145440027790576311171848630777570603781237464156226401896301459065324825825048008431085045904152861223700042405641571600454587369915045223441
 2716215184078725287893034979047584224909193223714026251669586461998907325197187453256152747705282759651315340401820978955620682373934026652998037025492187027204319895318431947210079044076274372192263705620105165972457527454816241295355404513902545352407273163235710376357315162716757549237988907531458150256111071544674209647197
 2190553201362919977119630378638090502294506014817760823036941259755538795606985972137265194708830295464454605642121006558081050697184161713450008599076845019097740598869027674791056020151596115132745710896859803178818951134153903513770646718651040915131390244796541037172338305828829260223494740530516330093660468333812552231767
 3207643991782904615862173861842528720271438512669521678940560454170272489430366370929840219440195318335892690347778286553790035147225438350432623390589835837955973325221964350499618850115649409468299738152337186889580436023661905345630137129444886490388853142477134585530894526936561291484357878359679226716161797778612282716361
 2069744084717362153217987533042330924518648120520194901204203383903644447715676808288125439727195244213364804779275088043511354023823061358171332836296026339340263104563803512425914788670814135054422171651083833833575687529749236094746846737983926281491850025647192157789195442478784907535242233223160578937379856677357540626043
 1784442300538929714567529136241477980919936827266386200017256164845432739675125003423264609263786887626355731121075828827417072315883117438871919240566895500529231125842580055943806784953618552217878937015718851788806449762506342927527299842125475453783249713379887544567481290139959636019318014829006459322522458546512299682571
 2699965305770506797083826182777890361264418793621632277473147422426015562773454511586362864365279663521100833235132089402161246102658734231628135695992249419870084631397071857257447332463720917445092857147794987085087466283579521716481839135648851435927125407659079097769014438709772929370057273734651480352697940676095142422451
