 9173808788698850607262225219256592431110333017238546177727739777685547648862091595422267070218207371643289958182689354670517978668320074716683101348468856471080138708584369929623450880312928148341660658502170641369164327258340054157977020055365751754053592752208281084596327610724082748483
 8929368020078528215099784765629833686350481749908749544614295717669016708719437924784511099408481826745789042324515761372843347634148579820200980246834055144962316466984166919103521754472757047808980776379750232784473134579235676386775248044653403058272405796089913343623488890032505326221
 8963579437884772767393779804286850730795577398185921507857805542574473083500621572376401308964148303612933931527673396113706082850333311153908856519480018236217075339461931614980794615292238736696503257869254313566234273015379783263570832724812703268620742997484900415466051621986888673611
 6445992717246335327559819771303368143473551745453935268738544059685272643436085667794917512010792202298392811552096946576353046656685466779108580567098709837186622064272163447021295630208785424392690139837049085227519848213156993385335355361768280241678189891280267232083592171983648071299
 9611500859547838161628451424693343524702479453551333305462690328475818154416132933947910621922974191623974019200437283012471306354880410284165956134625310643447422297686408284609207524784488051146426194263059406034657412135513861681807314081129807514836448708391839889489743292392765110219
 8558547867931327264185206353055676654514827624515370245648505010578306324749984306198054896293628118811737406940984680842753397472444885427931105599678024804506711633631709808060237709238273453393585164711158005920940737208041451034237012278900413279346178409893077095243356223529419000899
 7805390886521449657059130162578868636224191986782643188354564853064171704312378054281534271843295768569792148864202861600737424072355340208159552590156963500131737210901253101271246198973006578302652851165360504434889714691169335455876318424343575048914533912489855732797787449310758002943
 5172689028280627603985747550994800459508041332887067577280110193037783430742048580082178181812265551895527806438668861793247295966577679967856808966937328130109840326856251636853643276775425507797712532487781883123470296386144478544065022913755439392456486351962777463789667329423406907029
 7473850380925964474403591581038864149737536949536153776440255572505852468134584166899256242249996218569847690812617852186865880708875629737345323148862433979073521082997257748753826676786978364085236330543345410826505018107153109037428306686508006484570602206673146977422112232741644789577
 8918757434994317958427194010817961790170830914168448333415741980992608714085941462312855837445451880922007734042573970830488689293057484380347052506870895767882241708119778900117248241900773592518048156967375783665873944444159580664509563494856284768918672040395797591358762206304243431119
 8875750964955523704404385445411793530334427779030967716686544500607321366391009340822684016678207289263660915129654420073631311050600333228570830057800814338895877419116838120117664056997096652382023194398377764443250430436642134963902184201245276169591042345410444108634769257036861439991
 8586246855661801057824814254915976445594830895386637868041172181935611189172399411778714674917950337120559865468868985146838925744667469387762810761397118908898372668160928366986508608804523484563159982362265194494688799467313028816518014748127948848117135490899514490919543405753902488183
 5999237795073772846274879457877905742300621110788952340520199360605767031093225838031341554312398177507005536223753019407812325219339819647281017250349318390955051052267011387329300137903367335022824564580079225375917294520273700609806576482944447775199156080487597894982916102390378082691
 7581121511610164833010032204354639407287159828989424397818807166828382590755021960699352872464380506386048213625601375086048139683540628428953124934168654917448007616684265162375150236996295030423434284248132023412170348539023677333273063126294681379187048507192658166414584968192938269027
 5977025127523921080274142902547581750000660462015569033510788854043207248532766489929685662354181806488100545821142121204557333344376546059214035528917044501612172940460826825769161031998468447458670458776575088518140562040488345076282945204937881905516317038135169014015643565228253157747
 6464054847577851227723935212606913068226094852120660777878871318125209665649015637723270221160757571227906567139949819415494988826064141723815186219232086599227230751395921006321261541947478805150547752008121465688397856006566352254826784974867841557587133384588236867000056391452738475181
 8356818125470420852177022200025370170113947074575529112173147522524319356008073961899078759947162696366730996467934383562282591292188432433266264590887305921725509728605912430235377697612337253788823943626954848434496035850843165293713692787728480625257042781066622256431748064951654950701
 8919672015653334222102269263227475494415832255341806668536207615553673422848365957581367381736233377836719101787452923568837969526107529318110049046811761725615442391400678789286176852013057506254400658535990632782802940424247756154379112418094417926755446167463796868404963968623052955421
 6529209748051761702930925733982028250735488823359890289894837781114811123878717700329457248463975017706305724423550898458518702212781650104283757018378985504541106088302828768634353510175316106176664255024271451327681742154333488170223322830159526620088562344213474567943408132125344758717
 7879187173992886358783548211186256778849758167733373791269895098033507367318986072101960072489739687960801401069072640394484333316976430918099293591255441826703133230889527939188002628507382156194690998594838762159445704881558664348888138191640475339842636570674716225906167028652557985461
 8947586620081281186134279111683092751483040709489938334522383727431276316168778055225046122251563382006470835859365734913063828867808210603095512172822528216959453930522762377027891947301184024888235807636270619892368527118543259759816316739605064491265937165956051048045270880305662318009
 6639082412764653102370846060473741490306077873124900107739263323913898255880527256544862678310195494113307688359215359652884389920391599454317922814585264159528822627584948571492621538153153813061610977906692280006216858306293725048599746966116812682237537840183241587429175483058946313733
 7234384273056031584084300570087960622464420648853758251646693855174064003225002794864540695942900984982548631999533084536796524048790603445222290715548436432139759329402665628139725774133225727142168829551670600646069987264511227374306693906131190217238351689303595405913078527717061110483
 9433689410763244111771810710834094472978567637020787651144479002833336698483192791179906436351628817707877971486501773141014362614715262733388272792852009187029039159748243232661443008298804506111274772030961568280101754347255398843356639013310138078212684471787762175486589234935286205511
 6428034672823335847943947804519861959442682009164988552212071962697552970390310731591080045505251353145518155182474435041550211833262229787143993162185088845796294014125064573998191978700190607418799367214827308821821778656556531753785952238828357547077490713450847486522076287304210934951
 7906713821400222053375487490288655081256032287530655257592158373615291754765758381686381279287874621975387937046578770698663504078697286038944270018497275559127107323197195546919519681290682574658841688453936819913681580038578220848270466819413280097403601993346869843389485005344388401633
 9365626213655516155382050339780116893588037773015460692960395785371316457781063193987785451154256645195881612491737437463985321682720854052471623526804258396621317217774078403069929398700766990142482266020354606468042322452202578684284980588089015894834794916688015323883184611036082247493
 8787064844835075485590971568130347063498708281191772449829916237278001088597478467875526678381220072657120612794073305241110479527754277513920097490060924869142022971515856371789298859892509777628227331481462387846447999752235275862718676747608415635951480500967216798522725691641602334793
 7697618088683552393159152202740211852478275241969277902136192649179191193785563596281849898711254726801077306422528497901603813363365275746414246221273527368525996076743857188992104174575152997295039927469154921718115978701476030250806626792827275662538995176870946681777287425105022611171
 7885315947198082496755120743433861564090445324339799247678105857259050067783700012974382995327154046393555842394408404589740722206374577154305515783941547305413639984225824812300093583540041162398531067420319541358650447456104787708347968380259698491759697718964729377906862265281513929627
 7954503592163045812634852127619302486938442123599722181551047441856569099630445871765618780502164080172990169658421712407708781600085248472133247791961119670243349021973197848516175930788765777477521440711025622254923595367598809485285364511814369837767233515504948585346675409598520535309
 7966771139692423659138069449292501470349684421401640629607013236274881763320434955705058640957528874842153522028324367537676926564472926317808946108805236715803556587997539839926951689269210113632133784857530113596497510380640008539349784597871895217195691822640805809680261824827766436117
 9679389713269382346281522473945455390215179707748521008118646106782875462777872812173549961091246087368905831114811565979126381937686763477827973541834791803480761765017051773298784611302947344593522980970896530583499634409534284824938832334481069863173359864346734470190917860854725958687
 9198855538458846030751664846008777474645753710506657228039404568318879304128433129914616541247353499974899358495383408144134744768582774549909619417608849186154162238699531651370525514213041318614663156929932595877076805547463497990647265015424478351455608275131220851919831052025216952851
 7496395892513830878122747810844468120627004429497836508227588979120391328238050606485527853999516298007027787786840877794427500610774231559754867678138271987785799984767168167729845255509532131302958082375829243404910601942846400241849763404463658529059194054655768179000964612196648709403
 9698633031556620325995578231063521409037726986209850557418479464602589967426867241728294436651868637527524982819202089626364417929164964202527427094797531357201251894686650976858022423110786314618580874019975101509849865863917358259531629298213677850765404233625209296281154656634778672841
 7116536547826563227383988365665672150916076992016833539106798630932724985707104067952789147507903668978788088844109753282234213127729047817346994106478482937793395012742338692905442992130340705139828092870834821821729918437497211845849473277475132506261778240271026050924830989854144034459
 9694008961011175933206845454111034717096251325917094130189939318562606346783873742805932693840319388075568602736256967137030637155101342905143306890955136201507604852702352444586425621055686925712239188184815570840116883564461626881591916367510139091552026643387211572632784691076242256263
 5609242949979760430744569618420462067809565308683134729602438782416893495479410336051651275966118777451043324440216781689364789482730437087047901883704202156280139270272130024706910227268999938334959156422397880277878833995689526527687626149318407064531431125294579002279368326541652328747
 9045389528752082344462104562307410861226590616439815062221095731765727601992020400644311817330059488857308510805551638043190688278612905493731431538836526380809567631835099345541385632287785777743158472596551108744924611242668034267399286611501991613686907363010363251342683785691112329361
 9550614783203866832998911835369561353675902058505230092672428682518731833175633386470219149564332235049129546225004045882564098995964522496203351778166831246864858600898488824756641663041388557584051482652770085606497741538862847394331415124378915267116292861450144151148307930440203870877
 8538099215390438232643779325681871216246346629380792459616758984893891376853637179995958991458364324368984346554415615906299477842011270515796524210401599703130193947571245521133329749695400479831010689983728045508202543066305183721725101772739009313431282583926911499953655492448427032329
 7572061357021018660916371860995913040556860124695547869206578088833594915345027386768063231198509795093957316249582920766848219269264712284254245901928916766788611567388708050534999133992624390041094371447423616157901451179591368675786384513068147585693882949613012787579477855337734398783
 6357080798240599157548161427387220505820060164490674787129748673227400062454038922054453790753967199090072006261786345009146301879244354958306371975248146303771731049953760449183500015617726081278816202895403549712645212504858184873564157692967892595356722057628590313741242374745647755927
 7655627646324693210088502325032738920654561124102728170491476691721772312385779119981333673436302399632410725556810988198497752028896588051254125200483993664306954592746073111048505291095747942463015868749504123781921919900261761943979623525830780624930780277310443848258125962133718289199
 6940495428909612491087492078448555064130377435408176896373529797108982389471491483946200943427532978167315289059933655843347440179843252427539041166948534543028632725023061431774227492173563995334554570736329501771644235763168711477228982616952441683453997582523280797416934647274703221031
 7805744595613978729290908499566404272523245826426315848224326258543883550863615116416785127221266198540826936833179778229414925920363823923854126758507695345637038490726954442150017727538751996117325969903674277470256713889774621548116823973647357199189624193935644930719084379329363180527
 8915184092741096874888587353561713940505967756102496370180081189498558571619989575033303475370767464564573083908145008724450814354796713364005344293081100069525564864736928458943723845996811288600318003400510156746576986528448851569903755950863292081479247278817550457425766657429895359103
 7944597514610209186811727849874464524286038071598358152794861257857027248872239177373851740560825349678792614699374908546084239234785823577945473275038684019266046598719997554082877215313410901775645602358578946656265418785086010891857574251740876442309860383383165020399886649832201795583
 6864757004023920689086259660048653706493002051693636851318371006486367121828063535744316035876183023073963905095250895623885590592281440059736116818391989306612182397655742081813729218537545329511051630842028910223712562323059566861626338894666251447330833353323517928112595473278933763671
 8294356021215012576121174789098787738206791694671151406772507207326443341440867754895067396705809870448100850250368889229557446203703893790682028640194348827676177463708519889593361955467562794021661560527827129802520196885140823692365393063762412506482160303204996042161040977526857920457
 9018498239400193923773790728859507229929980327287568345885789934866875409036011229898637906506735034671809510528156679184445898614379022258919064967410354522715503200259564252855430876143114811849162514010894353019655766458847575996891794461940795781806788931867233176951907653951946086693
 7651700566317891931535011708762206586856373768794600558465508125483614532639247599312163032253157162183473504994255843906518572720745723091715835143873909712567004483358606238383855543940684482279821605116558389184307807272749740013863555528632652923925691628769567734819381629521566591941
 6522687957489538882808269588668411655108257714706743355763228007572337998693488009597926196691719647700404901002157100861984329124720850436119038584880069203247830603439867081866240946490236799404429443881022675055323342731684368728555508436181751781112253696442523626200585622157414054561
 8993697168454147120067133342678544217546128030583537761269387702120420482717234340563526500074620108099373097298720547462197592551043279037603883286862282149005670359336699613721482907873270982587461742410268069798082213089904020291786763609192315773154464911421009374438494965448860054621
 8393160340826967890139904544833218702928451080616013943696510036760691669029487929040947290021849062496535040803693026953774164831201897373539017782902669013367818758583876219753328295161081320960689681087833257528621616618246166507961467626765655650207627673873026634201333692735416866357
 7362536877624449001828825080787508357720016919895871650842308252738342142286227734612408306345319847650544270681424914856041200061688823520361805879607403667193861885542614972462902577897461502689099000992968836832216515427977670615137429706671768636324688371585099085798744475692316099689
 6232489228401885055970083269958855351457301174132399401702693347870529436111842961372533198215397134035084630198268895340726247772258362534002232320500015297427659603358868583239572525393106908223884999803765909943718881608847326871028560403739322552294269276697965389921201331805686695151
 9649922483377626282469075112091943831886556407045420416340894007284563079366667699155925635407477957181367603233588985822801830721731488997599836820257764301038744269651730434957703316090514730501499219172506957704683382048768439029872810353926554050801583545353402729142520632557249278247
 7143510632237516681108591360540014486331041831972433065873624891489222207403432773540766763962999461649759611192607147101910955582860309639417975403538912098734316007808652254504262002470364097937619643011323267917244008544885559423256263184061390077918753541757412760753699367891288376589
 6317928186121711394181259974184065220988792824480497875885847343383076733324516009485477043980635800156591505297446487225883437598519435396212186088020259890919925102059160385508787176547185192049941315251265962450242859925891073707847177275353201819110245033877401303267797337436706180883
 8694628498937132788374970697103363472015096050866315092565004227865149058387920971730863209646763507527021789597152808841817935593593305913601346221641161035807095214348370150994013707128117523381546005815956209428239766133652876576713149211227079950005907186496214490475904513374834059657
 8998300265367354749278751101647515683217365672161465867121804772418436540706054443266801533841769028398839388594007602865426516998256393640004094530530634653907328920981620948630016891045435209722130121153853057381181177637960812797993514954703050500460144684999486807379438572371751023207
 9743391804992968728532874989208601617187899027691354961131189875377837094496849292275239677937262163670961283330246287290083570732118419625588668012783442755328311325250948499947548410160720312479420757120238077388232408181024138809568779081615814085009570253159574646019473116912864023571
 5901021342471783324598354201360373992102248987060956804889419032249716716436118575163641471810018944779277860679241719991126977514290787429696603906044839377699470972285455732997182023793076529039889067565037716745192475633717306953311509625077605089657220783696543962085791043293743785721
 6601629023733708218835298413243089890930461170922092438622009092635151147297091297237959545461660976352562337824308755750591198702035148418188228664152521604808799414883777857334468163310745809394733010073011233607615438788243587869615637801929950224146438794396941027017357662769135060623
 7279129742896225897416153498797743713922476418406575103779859717639935722623683293923463513660004350908274812771117228551554588093501556060408284499860756486296089115759512922304064993323931004302698234891494718224013084332124521231696079220500149837107572242383262430341466578125215070543
 9094947387380830917637697572691982332102509689058429004185461363393960613240208814937193081235552098994045485370835572356302545532496037986425237699954387371936777791661557734298302935577606635041345722809108739622932623640772816262509730674740382601395166460910433027544191979487472407729
 8489618107093019204813852624918201741296049964561521734952182771510353839264970438555975332927924355464482975143637146992625767511309185680331631421990211776659028197641857583150792976816885053845175349952713336471017494856865611248205184620388357828721502710187281511576052096732626980829
 7168173488979120908516815007572553206902510444770940939831118649568145754160286419895400854895557952214271264732159620183637168949947950346583132974099564284362131799550365405816335568777897139305144411458809202507530344627332604542357363292607540469406980070020642193795674377964727503547
 9741120556986901507234106211474313630950623059693278584344763302665968198949141175935082512873847164765687084278161127958501566814340438561724802912746376595228932188046258716288304334288169276342484322960331245499626440410396949760274609425127341681335263248614497807555663159176709980393
 6188900163160233115838798817804742986822870887201758864356887132370398587338768012620251972560907469828290881934584658492263519809751617193449340713755414307827667845246829278266837508799223593140779599724078560123582168098747657256038329844625616007313152143823928863927977185970777836521
 8082624066149286871496562213443585427893234962756388344075301382342392454863502124955318235701310321601421110521783485627296203886088394562092858269858979422039203165488656399495429747849472143721411699983677308318602358497345164550123440523810043718910104017692936628464678315494226335601
 8972900704165274949989093696180077189977255000018030018070145317221598830388946780119796127128450583857211981117611548850185669769164162251557167614285190891676342326859375940870839851528587087070654641688703153285260301545553085430365966160067094526205562524527039752894114130951936946531
 9102520075822317697795256115211211344523504720970912164999424263697901070619539970891616704289582305571931714791941786543294762073889570496590477842184399967225494245051837784474645371433934612845535558537843478568571787878658508082170150447007849960107677103992950486691428193139153037901
 9553030431623005453112609811779208114981402865353945424966393055385859637335954944455255431307102428184737396535332164168523672232596638876989204895430753075567397305174664534453935336556722614332667550369266605134026863974469369346284367765862977153096213958610724791275773618889549938127
 8118795025806154319593149392899917244972749170654119146817306239737959312039843894688319558648422982196458512784348620881771415562068197517023334305202579813362649166667678225950571793918511349259038377547831885453390065993758569525519113212548382339632743858733495816584937755754856927051
 7730152278765860321506010734480133669366546634958673824610052173211853964512877465124534663976748932739313665900335985235791583417360039263429030783463054842551709536479281040850399047316190228276559714330975312008311738565033920922162011392864852615147042333172864851726265256772738281383
 7783328068218960745477682272488315805270234623540705955359927437043381608336375638433234698053543124002305543288910323897313006147064229469339670169349785281907010799784670129906914005793560995622747814746952319302428938591794772859083922345522847649892526364904063720660530790172292835397
 5966111276363162517684135365444848895996423107487475274635407223717463393938421008417385071342301933280696643217422636495184108380861650375416920503189160847851407492722726520725662330593198453852233681751565192266663198228665046333394813377813967917142478260237600351331653830277821426509
 7764161727836063227169511979568763888813878782683908789532921477645512583611718114682322673427628363754402132643903226335821839221316006876901816733272425548029519400936194907067051659966876400158697185089866104354699311858192779201722875215566868636986868315861953298069558214717673766651
 9156135563688039767615666254511138677315910742954660417980021479757985589540697459626464071513055109054272328063092621062200894639918411636972280661990024662515325522247723338041534557012237373660152516374078393927493780019487870861131869676583545324736968417175601261154981359832680676273
 6592937710072511299465400781976592208519400548041630427413265408828430591192999145402778040570260665811680857005825359567673329487322064178383097208609817607155477976042839225299222135879744860416940875780295955652930071242058020572465960246710977923569078914987172265067616759739874142993
 9621631458871533521840160894501601759723393364462679878211219708620282174118093282178072583406622948771559925694214865894127858910392116468939319826228721184677367403767570053388588684285110139725144627334235154816199627973192831573363741843950995789565099073223230650959796141984774935179
 6221514330398427258019472718921599484780109947169636517693774403086318826151657933528689191593366787248944643739101615196325562847223027598662445674548179444110069446918750558391589113194256933683763202570455908488467795944311112505367763922930560855625557135406366255321601462462044134321
 8439874733186574923594867244530708987819009291084007738235679005970947589856821107609364989667675668902207443944903906186924015959202399109448420057281203739838892078956414960431404236572024463298142125808276650149845081242069273259508147299366366064058543024921992614709304535575910254253
 8191258786306707832321559295627468908561128874750923327098603859120197594330713784282768131544549352513625400704070993170954594611174361662308229958024970676716906736381794982949743472133348624711982798691346139901578926521647208401233816723799317934706189342700350875532512392952063669207
 7032010117854561196256059614149540934737619485905703300681961090874456143816761139884775766760851402244538357279514192098801773224182669662899276295804598619815624781184824593173747743731425795813225794467029600166437828122176688375105795724072512579610831244564587128974916773468181484041
 7955490006140441151601665011841956771151913692259962609959119970336064652272469212161494878034339005181204902168565374595541802068257571061907426238778825175190825208421249769694048103253796759893070743897660851129917910306161482558807558137518605106936370406981577130607316674898354706549
 8566941955781675074923931795223206495861959639113393741773967037040389232597100917166121197317150361173633739930753277151638666431753029464211245542831846159142623034938448003624311670754982213049218276683243293053039091151027373280808776770250997516776363696594986572417980566900005856867
 7001609383177395760057319837521578380164628928915321194712874639365334394554264834520851082157878044839659567810624927226259676698817120901163787523150515088720089790948337407195577786753507624905431157639797339149345634915140267644174748822223377356104050939123756925720867947754205363467
 8120927819788918355081154592973545831965868216381841435746502873688038845529449245464796697840331111286819866495282470645456248472040727748758882051682992546471410928023942899083195501159591067590109171532720884175698595501870238076433878290037894128381273079719911168135672837320890319933
 7147451103092054336949682297330200307048052015547224503767053407274458680095041428537454834121064307780565570680449302359389977690164526940578901333221635462654470029356657958519632987303359992611875395757652218265728089208849606969010964993681125511538588812400847904851464361167432148163
 7330305654891917191904254792684611053378337605187347538238265152061959725678295730809048095551549799680402404311702068592691263758706200640022220224669740958630047394277201556102692037711991651875916616414051355562560016535694611755658364668275575999764457636927284371365017138832449116373
 9196195147457971569752031689385567450169787608413918318567178259104361179635212992594512354835969270959670339926636992323508152602001726689053595587678227418250750734690457026587373707170800697457609380631381278076240493012997802608891014814936271508772686829287020636213856842958950579333
 7393031714296978828469511745874433129458241259918554139134124275587759174806271135452036373771602455146680537084490922325485900921526844765599937713031942856713367798829378431316670157392594332100003022231248283521434535776619547502550427040129448821926206943072338874776051490824493784817
 7675879567456617179408248826226139925009172854489927689826167871975368126720517525203984464321487381787763651290759763838619280347748267324303821960221844547290029565304346171664706714957098827508573622126242176362678908379756099922996950878242677402413318775720663695244671466121725576403
 8985539638331999336180287552411737774782670291247496486037001468354128657900987484419605631346571234035179977626909143090753091684915472701911825392400991699338140023380302161117616183367825795698736632880857986920859264897541723547225413243443570436503944566785730750455521849758775695699
 9397415440153521308863788389023495014590270968256180192646844046116148275327415056715902871505401626960368977450862779750153812625973890026530202386392382386748046856903900886829092642133514117612223491641985924578022678054406096436241075717602908601367402260454733533197486524254409634253
 7137149519067703831771605958306806036721879917620769475985582358929078319372047506601130732721774066219735417804368690776225762549328383834574160811796724085338526467000833096664354735918776935061754116942976521652910865954078569092428220411461957679358626241048333245671496633829583225329
 7417269608464858223163932011696246147782052535611349783907228655844035244308789505072712330024431290057035222307130640351303600109495905628770768592866889793167510447224751355014848287429942658616135531919955941005841847346397046742669964353505212111653719371797199607615684287991658698057
 7980703330722416268522830490366333082038167958180505174352657241299778121020112698465843028401647307127785144555342631363100964439849616413843588291945294270893327686689769073435723619485059721287085939032166564535924990921249817288021105088479865101043859102383769219033707897477290708987
 6149990674813188985438757645102958303964153572363440852181423256792067830702101311186618038898428431353749731679847519950421001223204831032868855546190754973171213549730588819221459858251474030980905176245422382402771057046615797200226459983198958716252813433149873906983312043483839586837
 7433121593540052664819404889165130871074433374547413688207498871832236991846697822351275639718599881328530820895967729876192377216281712289666941498351543187747467679759784003704742716963553462779735793798575200848246438396489808934499806013008992275625585475979629398422775342969862273949
 7564443426674804505200902392132276578789649834885988930827810862895679028734541419619774620166608012177761838527448199845067673435237394441452592193893204049899659398799786397355563269608036078742406800270532569611365766462677391073313484785020253897777039112096804114022870978033560724981
 8279329270286228993919173832792791760956587530337123699429308017201066743954397891140680066511577850437024045047823029917702806603283528720779774256092349821285861042245170962552358200958468424503062922908178442121445801309516770982830412245292104269334536514016754332438968765767013569021
 8282017330981409479881150118731160889160540029146603189063889644303409345401413810842878195542134216694647712414409977274287468746701970842281546685101541968303834705997776387750355986272589315798783608448992730615117645949974962563255522265760678747628779011692240528230831404269851088789
 9704586871037330704912751245789470104150904735270520497707259475250746372619153872269571730866780572782282279092788989483410498797397385632012319489596682735831886331716350891223585812458946808262885331012267056768883616422549150887467201290217972833792634041822762318934830912276885182403
 8918325704135614079954169757430272398760386013390664772860480133281114574862149092814184525771781793869362678918485502440781834981709595360235846437873326741344940015693473126031540419876963249108298928449810148045742566738092862214370575760103782953561489744304011032447433805167432509313
 8998405766609348344407152274562933271523562407699453355380500394632282557343166827487933348144360118459682867563376552761846063390340652718082029712635248867822114950766076956307531143639536279860723233765594963262325526375051737355701817688832803419270496637414457329308876223575186637771
 7570683893363852578071574445192013704914670404507403213892318605359990733425614677571411503062252385766742158900281152872604089826452856422984253623590379848883048908621879178716124539890191772070601465386871967887714500031043208394130630171964997472803898142915324245480060296836781520847
 8970881414022474860132601134778103228663279344220568139163641536041639388498054409809862304598190725713989427297073637503015653653954846616191771074209325602224616742658392090148865511003007663190923191723779000856821365026491294791709932125059862639798960923446220824371103408834137343589
 8611158850516233945629691271043917685752271326370060329795313220239147200379965824573912414875728806385025853555786562983614559719195348074724133104078267494525549062785143730125890719082720756173066525729225986373048308051311678676121710434229424585792825364910613143327451417293457477659
 9200802943446933230485918513391107316797765904250750686334321631325051795672426612244833293050449476861520309823869930314316565164118208213016631517383808279178405417706611765695883097795239542078388081388975582861198148432696763421815841559107678292516775708261472647923604986859905152619
 9104193633658687394498381729628750028247326453831626057931219393770486464516614346898417418071363967025138369676941147915986809176846367263801128931660533681959312011598952852284508754754220193569736596445026138298374940910544188221488346272068231570715641971256190135593783833508957228823
 9626897663764101136674286578218378361416338433925225486247528007536678873699007650713886243571060310253728448290286178017585913049068604169752790059501648441800664605585840766985629462139821303947393729073113390952969708185807537791429894827257725138532670876517000587205944340385013385247
 8292400885397115650655631456076940819310857002878931879197611981881325372164023910036450947390454007575728633649606171601981525613687194006232690743613661901345277423975303807560936957328564174276160442202859657895039495858712482948978862524850023739329750265261676705841028625573011675243
 7332910214955535963253372749291395057493723072368934810947160253204245460103986920606451277411919399702332351143384112144640793741587490942610372722804895408785232705222168733550159520760931015644320350755106609336432321382743241268511735527362375116518497833721869159981588700287163325993
 9126753851625727296420212440526806736114979555545999768796888943066808985966188550792761833843810505037819539227780946317761316498791275695197948225193715888639318013557102909761278811502067994810803176005809170752690538446349329841554818291070153141213562561138573846149906642403184477487
 6838385733567727457616281073593182811272966797335753983421397380167364024802943243260600633699110581609145762941061424400674777901597448397392063691878652162516066655213418871373662451825641328844775512268966348080849281591970967227036705973166229725792991229357037560838607057392380479027
 6344489413064457441608082181017755350786978370996734395427564222323489956228732625385376705112110949994481541723985361564397356872053109085316608876312780187875780401438528840954760743756310968282325200644959099768900260077995817693770065121972359796397055458932968764957128693586201858077
 8454965807767673930939813129668958465280548978132978082233209908163138644256067620705963700692648996825385794171932032556679519531002723898438592395417513649116516752337067537563204256680675174615354374174147910129397856158790549586417858349094364495972141398551707582874662708079814377501
 7692247603282831301193652161225024200521123974168998245537939235909162722494018292437829182898357431326340799934840984942713824313968160245349298478666255776038094135747579982392907532781906407929342951174106817526879753534142948318411868571781439062602488943487270641885863474073416112433
 9644574626986280985685439872416247377391870959090959847899685919298878144022452448832489783990256195967864332221802315542351185386850131513697270194653690908904995866043022030279550589484118241573518594509414802469533540501808469164741977303442524488230503487652995884223907486025331067827
 5740760253757431705004834869634249190760617222451160011604599093521320379296860273330492279465612171446992949726801246372636473451649596032928674072234725901710907993492760921836930828999284001920408846078927844832492813810694051028678647934444885735808609639792350877747412183997853379937
 8828205142867865743248033451108964593564136892351736826759737450350999024401185855916163552367519228157710285039560464710319499073720570819731344955306050530277484014631551581957951435208282694723119884813668833164030908403480279777779397467989890875166501059135950956785142109774895203531
 6830160540655965262534455180806211217340930503118857969132029701254787432098630334377727484902357470532763424646760684826024975911695965573908079263619986401883381979113727367115625471836772735403040486422093281370508410850568654791588679238212141356612951852563221592375688774751581828091
 5822728590564713117130694828086418296068513111076167383375698664764725615554660051336903542541450354187586464343744996805252376599179274129383855666702440881918337904960942212553723167178946749538045491383174184309877035411090142744786453219199318785235596231539402156260339962118361124789
 7728205532860901302300780118419907688292465812458601492310363865478395486803664254186586714438266787558084440908509560403853901678388882395054642525301151208933071181412349457323914532723072404980822569937087774359743068756100382834329984769515382929087925077336736281677825851189908019127
 9352686993361263749443525368389333093559327332875696254950987415424915454027827670058071855982277261621590765914664466991644815522122530047635693065033967921782854484210248658660808960472001722396211235530789664661792222743313053866065170599168602292614703996216259394320435333525033568277
 9411167365540673839114349865269402123645757647024366831218710520359483103922733625301343589605860590611377885902650235924264697127714786545754204139038398067928047767557006792789629328361592155363675036164653137148378073966229932666516641451172084674981617018614940193722339238685688839843
 8007600978715411784652161918442189917245692204224057124401952404748386608943281483740538162099670659859371617857322200594519050817611439101771230276367322303197234537242658652171609836399388501948000962015270061558768414699226653244668146994438401148483992674044501704720280250597901108103
 6700481607808487420854615985986418083320444163894173496603477216414816030863831581402093738983493302625061576330488995137911399178003616058274158879229862182926223332000188262629300917214610708501519802122911435589572651389313436352212892683362563258010269123432241564768521328624085025157
 8429683130171127269586089672881753663963479809494010486708753355717644017515348482246826420899295940584987777382973161824901595435262385228773513945640474304788872830145045988082116996125501977914554804700959990507556285611567235607934876583526840856550507179360894791048371504080159325697
 9608593834456258488532802654579534203613926544135311897351346080774244860343217233990358844882694098908011599176465601005103507757443481899682342927188471248990222769916842509052360970689011201120964540600400085023419587067503128718457749246628657829096993829158631636217085982947593467983
 6296954711046958832596704916354760068204398267034887839236348934288203390766236891864161818903270506856018764576716910446459791543015040720796862391773770341703468088268690225232211153757841909204865064420213265499363131612919976663529954339779000660434323692348336784959732294809861833489
 6580380679415967015882873110436832596086558579508767383302816242078270201578270621789710823807616442719646905514571054206522314434591675072903447693623348634112223584304183957541416764671986510660683697027100732130261888902895737529879112281606601990371891832411035867331162793328624843977
 7414377860010659443792028477994729024004436754665869608607654483171211314698923448732864749048157863389533200259085921347356923637180872268694553274405114386723009709681820418264822027585290444331077762517882011298537914560575274373374083633178986436101137299109733190124297109735076267609
 9004567680286244512854438510275985031729717253693238673916180014349711909640207072831515409718794095393350744934642003110617291869769245480905427823889636716674474894148191470123516607529618987050678647634082628603880060086046090465530226225548685518569341784195310840706770210040829543569
 7797818607116562196054301859917927611299100761034298755702694516683878670871052327611565099598814325037282449434131383424114281524031076794799249629731395014011095839962538113887716919767906088556209702846302254102635799739999147402361770943579751040656347320650708045884579004239865876003
 8099047641509906352566123296275824341923866968711316291478223214295933966217006694005061893194733591649369264315981670229375237966467549197890020030436820992603110013664829482898515601539435674989559885029203269885143310679447703887522823385451243043544936219388546865472698893621388345169
 9686722811790533065169185708094495880235463530516644071571961442322535530970730148184079420487844566712586959775773090409740877583524713700391124139650325174029536802136817605898495705009409245888455090044394200731148060818343292563898019433973121692111050944905438706160978383685294068247
 5854819830387824373913134685350556661087375889106195810933298092713468788838753840068677132839033862357741790361806901581197829022951099522666561857088281365391879056427842366039903594836141277601141442814575029332195929974837617805681616297496428805794519684013946376206984652498198547483
 8277482394360728618646844933280914378301111655117578104120895117350101684532157075728241665577127542466972575072753975486362026256046540437620781683792502922281558349867472049057055747547913085169049625700783591657410355161938182137756534303915434327754370920676034353333678321315052190339
 8838917495842284298983569474160517978496238248049328481725347845581591007224813911683619954151731565362379809445559437292678356587418396716035493730169857995948348201873078779160789326009003243313711244734895078314864788454431296864709668493859319553563206463957023827006664961801823805703
 7262277898783716997723073890298874404078204166326306121309728440261377506551242257305636160586958951012523025919537594287606229815851374873826510145208070674541211185246716621261617465378105140493963574627664145528198547791610732833424151121635821455072770596930889534734127351688963497809
 5432696733964502233316173361998521581964296757173610659017997060339301176038784344950783350409877425715062615878331509260346806832859431095118513813022704058322626383344039526840102796654924492069315468332783267479532012830820276244454895181502426167024923663821604772303354319975612111363
 8210907987764976768885644510378678624044319585735635230635116811210352036758619318236670120074346018532331815540541368941392648362372814773032312629961547886653459887405547113338415001610908468759671947196143603807871124517340459464150406334563319815698907476884504064195271257958982218521
 7310621923751336087537515000689416472442978510209733436428284396511332284372781917990870056917242579773706252962012980940980998623079351926401954335824069218650447356192720688475507830788353919484301544386928976626225429853849400964086868286989084254750454468487206031861790847811588535031
 6651635683818479497097942534998358270707945918300793627642045442238608652528097187799285567405340606174540469643535067985553018232279578256236493064465875230253547955463452565455125663288253144004911544233892568156438461899241266514261788593863123152115128150692494419638988093690854967953
 8721743690736049196484296333067753534727783641310500229408661467019820951939753327492182287755268203469533461431913865502796607305724112526065073373153954327050222902749933651798801262605490689799490534369536372296645981411434627273147790445596465927645804714685534993234815994985751860989
 9142872534639352263869494308200162269737985614627829675669872817086320718610253414060928350328264547035251005008168802840441477307790304285335416873789104682998200075704821480286439978423393721215232081289788657501536473331998877824769502357723875941020872704844006872750053906239402877033
 8087802932822761773014079781790751225339802011367888060621492199215158692564941954882651314929217483094200819040730355204568241865821342643007322593769165745882992843452115861196532492172756904491689754249807518402673691717318978765454126472025105957301555517627754120054872584073303731831
 8745184382285060842640340949206517169482498081857971621780831451746124532520852388416604805910185863438766500930830659757641619073017224715438303164961268285577471540717737352970110866612847048648156232163060418970285810721448129970016668917633213209889874800444723139177249648973407110537
 5243603978302430584969251956367285969417317150196978652598763660348248967806587997986815183022737606644472243820025355432813441441136614635840917949059438539513561898679733947622278173106290914953177246545999749218205175738941560992125637461245766297935357700453248028552295613839717782881
 8320481661335676145922996049532045215503960627223633645458195898070014166542997104577575418905857157394466307149406734145265179990821173622528954550328482464917613581493770918023825602204192472152583500656376222075739034165478732490701996450594237200039994001821141246115869212208177985823
 8302519704274942279782865175751298866231066011878764848682954282273452735564710166487434420413842576990634854357948512081992572844234737934850953799571983331037340797057196270514385049706077021105862460519035395004234220479314361124788514847543454799667445559312387516136970667142597230267
 6841269947933128915235472647562349824391667376001597187818698552255665857929185233572502029079348254794470680842178172687576281341249928404042889461641186300868319247474364398367182717477203266702531801423342407899852837693519129890243820426288103472187670586961221891523781942074997207933
 7537243600212960315586017269410767494994181353662486573105547334517629915120890995913324851125375729084266447154434081154874599107460109621166510256618534419803803699116803789932089637414786463514627584876608368352322871464051471875238099784887466488338451015278166806501779007821322288367
 9192462931812826100648195599140651168223593327465071291861250845334908003160123928236328989741430531869815724644028262402492569885984198783835402745641393956234604266520897042242420025983115747684713647215167482021551376995300483990193204155031282886113158726706288175142416199511188858027
 8904008022347190291235161378755812022318897635642765773724681138588682239209812804381759071519629850194771743231886000952631109956090949369851620421448470152902047477880064362472682017267532263482001000941247238092639896629160404465062086757912294764607203936582109678031618809386268078447
 5914832062636744137397403462957526375255917174031338885963923353771752884684866919326954602861753714343653056103202794678246096971841634719597026263179302563421276589722024520446016608311342881724222884087999188798979161193415426678906993714193891852338226364324173469134157321019533658649
 7946513943145234159532388401562954560376853677077684476559566943393774615001332354550699421420486899230411125405106487842353843243403043843562208720887914887407712693818594994538414778502339586112693336516774010478488081772695982005331257474499918092371163472177077632278195705734244861541
 9164614925292549584016107208022551857335702038478033793269768024599765075400324203531926424951976971534794864609413520377283189609539719519951371616504334635151811943158761195389671538860072763449873154378625787524255102707580499698704246633470830370770820744816538560481890479409259928651
 6696375734745029503434902559567101961093444341607181353422500651033719775039596088997638855182236249228450171448655957169397309370235825217654274168350817047812520273733301867320338057783025533858813099687740047722118148486935955954125893772657395180322678649213254483182203590949543841791
 8921733305024727635975838501556799362348934323244129567835427095583135117781233601970023504712960438070080712868119205092561666433062481812720999100308825198816211176431254958511967304737409454909307401247895716399022953845368364311127208983469316108010803452326116584648958228694845013649
 7210530491216493560520802725934978323705127481060433845616481461665701205645321350653890293315073002281584232948607118024621717708510254874469928682617947666048418423677419427078888002639362999795283908870673782709524153005270206606792358467383374752137742648195804410550311560655863984209
 7614689466876258601252194092868666000528561865773927769997966564072895240102139710800126179236174166790060365387750079154095890632524344351906460741877265239230228817755942018887732419835257580926894663109011772776149857840680362163007770850716661263779200017678602255353420393340409980239
 5598199735891820112150335279648434832994659832532939692274980071195359217873363041136093237455892656500913976650097174864218247469423762026254207192327896923572233293234236591826289204123031624534913029917333130495534665197448321742133052074329820685566387437886878054351462570980638550281
 6721736855073648283261960036099158811827834612975025323518263057953641339289516272540660864800959613084372075072945454220106556942416936105810512317132178100128369736448530567209204566649173926296251208636500976073949614891588462571653367179634047472839637029329280184724397598261921248031
 9424144534487956179881852286925343678834978187501648317804776278723287566723867280971056824778869496807795329760750834964687986181164900905995205387603581372627842419044447075281995394599794764466884605014009993764281441532129040165931948304704589172763949394147677292898915401121569747633
 8133113045992353275565361389271731137214367929153946187651752766422291817863184588440668217498322556389652229078911579329578613338562225183346642787338033999460417284827429837998345717614834621136446092046704239587118625168029372187577303031756514544441408978932104314433329896591471109379
 8156561881882722282846360473579217698634787229476405305140794725322554080958558933748847581065756091147544202431380134190266566238464849081891546707455214932861487254825210377253572652312613034850283658637461045134163351952972279857408910209973509921640971903190701066266659870297032347243
 7224724054816689442833951285060248892725967484256883611214370468437586950983293017490994864877864107540508157921506704101687365928707963873994874661737129326279828287145601958821271437466873844308902038292169588851229039277666137611404435233820133524345893417595129613019323606349274391953
 8972004230533967494009229557506799175674394350126957844937288184828172774812866161815371328172338171235419625337100463913082679144273446142287765042122468445615636237703161286904077875777156236839102320067416862787746762218854609180263707702005570333767751746706185990585816270609777537623
 6874902833652654726356961858984355225533521880643654914160080186958929041410033528199030678900151050475162444601110620314478620338224095946052731283465385020853437661262020388289081463785979907642746063165676947387778754867843194480643090359382898059842434230314104293792386256912628759363
 9185309370695894928676230696262479825557711351889937175030519881826944220123296808726776787258007671500898080579363180439002495153770972439065084896666209496011521903586085838409844683737829147518461405967670187098969658970479413761286692003221469769877220148646889201723911057660207751869
 8680274708076885650174709718240618839479371770981455856947037629664705668483733263122612277327181210475963882807558403650567250862567993631410635975846860479662652753408951008762438413523661701213603922554838089254687254231916122194969267138767447538834882229270457943295246879659095609483
 5860645681769109971482567906299905056856045024984281223930452328595448144480044244706775293501758819683314451245683089200828687684105310164502327492817042985455843727158404954714070352498960631157224072987299477407920523739551662343228607783183299619388585111777172802751761842468001764153
 9601535606140746593250580157524659338288550040681536973917943402550708961142031647793469536854491886957680350822277767667078991946990257155152454423950596135630547209386799781204893509996414616110875983552265173105754980963036688850020683523955818084724484756347838231800085754014337697181
 8538906467824250638577967345508055637828924181572982828911422709158854157720657095054430038872354752811588700976505843804015373489761055015796212383227603967204046099846514863303823485934534041257630373502924257306785315874377599417431164836272426031603866642511112075414317039463505167893
 8947902661700470310423331310030268862328893067404654892833388389465077821003674926530939293815135197256701061134923154014168623622489750359567016101645004068192048335628188718339623768859772463967306252736038096961696772944564843104448517514233188424015264164448549757425219705796700544991
 8976679436557389143376436021597162223094926922081579253243942502577726230837618137935865370107696267950741902948925358154573397643495899727888858971007912680549141048888552187641287561279346385795097521948779622556590296955544302836336956158140559457373517144512154524839182683262790112491
 9742210387693362268534904624272237349250023519016950555494250265979869064874232335530913934153583735643546218959837339329235018530126626491023433773727990208220521694576007622725588058365929497238725853281683011518019371341942609043914414619235377650026908060101257893990913600062158212603
 5159154393608483343897833250486555351146443714854394554966504732649168353060560238932196226244357658409158940005600395863045375813508443385919617266904110442836776921275597787180317545605881273634864079151042351035754762456115887241211243764993195199482602901219900697729831965952707440231
 6992611984005809191844412271001946778924286519054336083559564158753370093994518729926077293768838395182082575052113133883474768117918271915641265419940761869878660963862625518739376664779833854953693884591125615568807290979760515006078870852061579041347916331862016550291486964547307777249
 7699658751248684534452867998024846503812577329762250459820028672296359202978999780910232361053477526015002275735545325926529489845151888545005703018219947303564553314823082769604411089436982689493414330446642987902569999540960464682345132081539300879387865140208425031453919224015010694481
 6610488090919051683484574936787430075935952715918860405211717880704384635644073149355781295304259030567059017296168141587280433461128847708269076485403952301997579503943463545286084393093633054744221524112725956610737411897149154754233693717944469612631748959084472062543655108656112851523
 9429572736607293991610891776592050304337046617002589602615962636378760678517570267683564775494461114185524035931062258758028014159499105446905550984813444254226984732043950724123908035461414077924787749115160989606981859917434492120782966194111045697594012577631631898685124076496595646437
 9397828969591677204164667403202570643849349694971839221030856873809474467452392023360890897673169244801065633338341322481919389190672850950621335477917727589320931194716804174720482794178861390535330786880904486184977582960353864090875935344762730418400536347059600885146457263901797601947
 7115220567731386814121581610041700683376790384672198184769794152534741717687755563031474570383236943145011469544400653563886148980481147780405175073809532149152334841621978500097737009527255854216170843304338648027964074498096456217558385183279956894815103025458578759642374363874760278089
 7522786178293339703898294462016892712361021565740247885639087214996856489398554403135615136094156413695613396401037777980743558343622959903918573344595938425695577189997016854049084282620260674081083402371950211193186573650309243362446565466746226229534517852228060826267111675856203925341
 8306903727417256372632533175450850588931921156659526571959118105610261728580672348792684352590293049001022716386261880037443328103569074495313843745749289526026975601073111990979264061774016943336646207975297183955246034308937769045704158492864125698029674648120126627687155895631930028171
 6871873067472557341687393499099868642578453133852649281079979802315315162330072284117412973754427040277699149228644414086022994876972468420630562837254450292653931900215612597295149263212503302975085090698215243163239828957482230417191367900253386129618363214852131361940598941689067587577
 7675660350036363020535791539069465629396308375631099630630463404956438559765841896929727337901964002607820506102482430485308575773142976322137820185714122311586968297183269822693036786790792439931678655370586862499994747061670188742568989057669165061349454461057448914566258688241997548187
 9517836294345744544468084182662749899435536621019769411223797345914189055797762262414357026957004423236279837429809428599990131457880657271465682429966779868332508263434811800275683917775928189701164313320207310036076294581696700489153410883238692238710091749786080092159264610014338167491
 8991818096503638288969270822447022393276059304087738785865265233904711972978323374789601864172422344413131690434802795483849464441749470636968074628149443129913422577619701515094237827459703431647910937866632506306683190486048960131253887164920140675411106854305676271638863203624061088223
 6964038700513222968705701873610406557366239904143016777923120810314285188570707284190818892586800578186484351208397521508381533637795337848392624016192834823298929236141310923817558322800483020308598841148455571791418506106708893723889656439350981024197869775285347027027757678997708515577
 8488937105477330817125785366239984248886964981380016908656949193337513199316937660112286178931368930335660512828216919430427319139892606942369218724008145139865613673339822971936636039796733102576612491157994055268775786489690958293263055889797690880881138180500954169308675556762499523947
 6073786136372743245905777317845149672987318174368618263424662855178012435340132616847481602156492504749501067824839510035319665914376469757603392433545128005675945552624463229760469118326325802627823505465191821690030595728768102044581803336851826378345336697954855545161536264284575148761
 7503024702574259587148472737234039512448494559290904368898415734630751802340956188917682374433190247918073035529846094714575211530722050311251435438536372999823203788379854224849446757057977157848421442458491871411335837817286277002298220271172311303348032733161080419274949782313127477541
 6211877829050369778866581032787532589912296359667631393440858764005945317514817115203310492081221473264376505287196538438707256181360997654296760659582508947074970993623087299081864438702835760103268391027020644140813050415406619640622081824758773174450925815119091757036452673374521203617
 8988068219100232578778146817292549854033113594703098751044060103197444137863412572636304205680457394078584374128479411872381337178679360456966315490326443190702603722082178353616605100262076991020252106664770672916905638393167226919735522640772490253205838676666162841330596265559629818501
 9676289180901235604388221791304993168758314983709609983444218951215026950082923809094946183639147890496031637500017759879408376415324410917025233801895980572410342577288561500175030035946308379299208224144223052001103834926136920654310618739448215327128630901535137261487115491527561513279
 5864593840290082410644375600697618675663112893095277563378425222603224242331592843074575555798935089010297879129977703856854983881654757829655029986393716051331358470197315436966086761750845913544399140253477385202349243793308339332091273994050715673541525543991095176584612669384388458127
 6095180461833599886686499912799040413064369424110400563479092751229923963650510260134224688829802608850586979600438618833443790309000099971822913222433602602167126778881233423101301980129666502681514301524050115649557940121795438224461631558489843262768988834639449813762302284452696751039
 9130502853897198636439366998912211619058868651078506358295636718743374123573717329081330662150247598625985279996384524114858078080231167574498204837025665029577673627737525817332973864848408103916618050756935535525347509257008023791018086593243329752395243826846365222533570404732384483427
 8892251587177264312885381345617922897330361661386616955226377821826173859658627054896873381251605461122214112649738603900481893449231278571854303468370922511518380207348360355977704633928752802502511176317353287999842528611183008932737006920533183289858881930343015077926912654099175170079
 9159742465672032230163788835928171330113096575101936127604504608793822545736660531509862168925076817730283470864715928641117135727043135873003856576838095640264877899373223682098325930833877413633209632495150592837017873167531160960610766614786765471175609700442313316971415672307841096557
 7654177959665710980360227711411624832319099477587348389231792012771468641687592625329902994779682099776884184854328281265132332274117698146982004732258574545254239597949330949124749688597288082187533902174022739906251661655586848504307678869864866843881842260000207252266050503804138039183
 8106556899121106589983431735356066354209905263467033719274834459555429798738483002614142292859233321233857572935218739041619450856327038390420406312221317508838443829607415318972023800965226807476605551169137828270469462242534079814401755844179218636557087160156825307307594397485279165419
 8208461524262533566827063589187529550738033487331262641423196243234217980503024518721221177242562561122094077897426275173568392645524272301932559235113787684978337466046323472941304998029832506686702320049986324915738635047423339504808302912142926780629468115997627594375264130361803579797
 7478650926611264839906916946625440381985044284249825078971083975537925102196068736397571347338023219214921981093229168891220357021899839845852677366466541995197983431215740423930857475258081530675612953458951172294837418216626657256805182170918717354705760420134914353209766648883920960619
 5858675161207567605243212789745637347382593887560810665116294701869158612864160437303583651883984698721387117300573795349609319286741044869775326708770085914443398200308210207661462401213392629924170699700906249374481769991266789640863560355254449959471411911293979188911448517367511411617
 9632944964782818955458225842845711537109001879488970900867777004228816470417878305001668730638841998108955948454704386399916964517514322499219677186284515571634345843294649310105955107708196908824276684973926862585174530863183297936350070679495394468642763018867148053487895383596277857643
 6031100792996534583429550269770243455642231471689064389591948105818493024115277773869470146043506489520415072501100266456496729555744807963662757938742237907033134031710581297205257847089096949508975730407233256312059337555900313574888674136574133079613324759878705087422865029441972607481
 9037988359121662180033743858785441365590771579504121223964131448593953670599740504996907501080783051408394532362719036072009812951665984261811478258031108415210998486992763198560390914127894457900615887280501257201412173380828041850729939026183054419120950188781157432940892615600864165831
 8990148101610779119161398852757045481944044918163619891174109920324683194274101013876083291268064965708333558493983313746644441466166281358722004938185006753693066196559484568387844282026685007707259021062696850744257813002930240798896629448488280111917377660074638368083641790476593670699
 7518349804456760629623531995698127578048323526932498423429395749731184403527630305979886030553538891946875982813677344276890037477779253852805288374767840972294520226113198958961091189304556311541908809911191369771747920674452203626422239578279524528761877084866538763162035963748901351889
 6573027158565949622888731302520680992475092981191002350842963018123930046280503415239858344936633203506058169596586538588107307694488081390869716114916764344306673559693378128726486292814655826255503590332766483086612596382311869129665691786026066692954632046943557185216908664657118239339
 8417485070815063484762503641748141543182237910669294191026464871296483895717567284050942663797993186423574968897657653722897017274813003341933811441832093550082392294429830758776406348517625032695197363653355433967984660200785636949540586982932496919431428338751945925296563162316720740001
 6702619455814047620407340725573834673451846994052456565747053885841326274401678938262839348881046653721226883040718485978119489956100280501088202335470769748619137407823148366601972643693509496553410678644380502834501867126065378210749513544445125448619581823723604197303242415813486899969
 8363590405914924102547350431976525901862366807582041896061061177150345543891478211647007747743505584416084257916297464329383685799303066029089848797702786589307884247859480538229009075197551285702582202450892620683203329126549995616917381960957106199119892731850618569788664092667433281663
 9009948416666479181836904010157071409116981164870453738712797729967075220828761439491255882282295274451080580957633191806187381302394098852008163489256801874484406814088374097936605063561417584442625151258570134178278137968474073136568376384634160181866973882986540578095658600930498031197
 8174492897974820001210631650866854319364026221577056194739968038718905376636650664385317315130749868468730579121357411625078893623761172801419930197012987522780407441151808326606337270385316223127915812948269351366822286813132818220065832944893014434674068591584673488135301008627078416431
 9318563640583130037110203835901258077295435161492669279058766395779956550831086767937682060040027865988778632575550418017501439859583854744672946753840114412637068752859854875075306429044828889289089190227681483933484212978243387184472844605255258542857312509165763787201786379093010013279
 9152354336588438437489403066800163344311112274897336179194211535258475637103503431800368035287596271942760246674076324547621773573027983720173271785065409192486007867428325068631222507085033653668983786412086911819785511753320938060163784114901975876220735698003423499303149053458351841071
 8036641261851675174664165096311369833344702021201805494495041568727296408583276314088248910851080229579950778779054439992399561646636209086099854924010538462867916041382960896985133745859946143838128272714868294932219689490931392051577273787923946150292987071481886036944159729671491154791
 8362071794891221154555219954382628574950437236187935036179933017647612849335154159018042801921926322406981809501103195363536738211163111958388794649241202770193504777028132889589477202963217249727155266333002222570248502585854958363140821130055425104926853535421616761310062124660441948307
 9029946044219134756788661276316527922895184867263071478102312814857636307213733141234580740138706657731148443537446097229482784725384471375866107824928991723387624066322021912041239941982384789789541166306766210841351999133842021231948754328808836623310590238331973348220184456431148243499
 9298193266386496897375004587285519336426485789646454760582662034267702475354865456754426136353372852910376159151896493871740653710617158734859554162168967628097021119189045813910071443022724554985869535258112412375995494091139222276483586959461842695775348786131139927415811956111786158171
 6245646069186071816838530293174765205572410734414021860915536333773874806729588066587954783120701354647951565886533512384568912731992474138936814927631506955142811329139419635740976422299931199860121072110300628057653349584225005028512474656513468595519224828787720137205074256523285853503
 7767646237566877199129756464491102205628313020792497719494170665121563647383666404064944440198171263142159460978038433935099630148126746342061481120711237035139376693027700077739554673026409821318982148069405752376151686083279636937434248661289693236535238128520600347483376407856342119739
 9534335920039477064081574746841845170050804155206391268467652707177894588070525181010799996585139683296316212455219848698597027485846129091937942357602731924759183722431579070972408210163721757378436516155637004297228861694643540560119322209705083227226637463915024068279663545553003510983
 7048870020563519543353012140279532498294145171479233864880953662780947782837707680995870960585205074829318419872463107186451477053314220773473708712154980797102813934490104434974759416645302809378856258520935040574874886810362325072182043687741570490497204139509507350724107791338230942091
 9528099893000884390241200575415218503241137938174805128567792033969987486979285401250296635533691385606644790154062650777353682703342083268462971719493675970547668467881534867708990946609454913861947833052554073029567680096602319717132076754022419548278904283718522153589363540866678720717
 8398757197786848436864308850860483438968224758566802334902222136883476247336300081790432345494296371739281733874985438788911067799657305381863452305620732840550201205061750058889986940926918387761741049945072609594714778194536652014392009356801505587101666093787192629919987198425263796301
 5881405576844009793322865939725775088717495619691456643916019750397126494876735183786121657558890990992733578584163384031102425165215875975618847153453773632188856234827259470901794014820572894342860877353761271912346537381509123254522101593124516143406723202069289106743965542283000171463
 7697359056538852873463854760782902153017037340281582245174568958255920453455206072078953567593985851812284925437905132380526745939913149088780598041451332398153988144696975334351699600651637551648099793688662069236837020175443961219743061136492422853648596623640330411883597238176944462171
 7944296771909828846613756977866717557606915254773862458460078095117741387777025748098099781565267582230121741371370448518268496427790360013095145280373376407225205106826705394728409718113148533159153589501283110390080947873685072548905525051064346825322237893628246612162166018453943031973
 7752567980755545718381080427981115553548485258824353140168109650505148075383519714480551891516897081409758815459405983380659466007184406742841966130010670276735303734776284165629284111302731962498684321771395973466799852274970667430034224023182431070010550168841940249030880835968531738331
 7282659322349306935984287471104652187669620460479596788541905183679233937748904244585208087250526605422462976682100264484745582519570595752518288668731482987805165969966899728508116713971034111008999081415985204189774154024226525014709266368608567931105866066842745868883214036221643509867
 8387470565944493515977998290786383446825350378620732669155716727364570997640681917689041774411368058728359727263994565519050780526601117073724406420212121417031295662177847461401262283662050831052721246135168573569985566767050538171674505185968047533446974780988204908059110465771756017913
 9501377968729566903222214263125819943688096968927561228898958282525641510785594896357928449536216278650858066841530119125006948324678090537690202238863761000679222928097964746508344809396501187724527701559872724299607423936355841022762228203329742484685069782251727578632326174345997520341
 6079059232999657601562644758957059689356756980984675102669453135476462626659945288613517741470000032537106821878770280278693438822515121916251776340695972935760260470320988227130725449747894010743584618166509792951623096776502908180975945205356433431534621530381622186441893829158729596467
 8321154970439227964765122961280569923699286059274690491803889119527653800850971386795149709883701201005765838997172147823168530949595825310675430560915270227088902579185680488511285962118379482194583570395393315555708194945713378990518305681938587749523153883668316545270234592641919109101
 7433944287772082680680079483624030015367611135139891500250098117518827345328024101026892711533809064863368559531729592032796075352524371152145576515024684522611981821851609178444317047266384100393280881151297179601862843462180198647896469063312988337878873168136198671755733214720267425859
 6121294759210667492613401336276150237306491387194157977853722295906778750920293020873892571746648827195228929094232863081126770379430440846753950862450948704489302338174586510355570550068814168583677398296852613518304562773729716221235303299164073778858849661604659645818076502975575604021
 8977155376160896947404215989588100630626899190520214707523318235202986757566015861580371780337357014541436535845653828587369494855069222565901935115551187371163068811501686484343486096141099713742552320203981763411158488222652050712344476127653709469463868601654255719419728592134116785837
 8950602808100523479143784475005142314475481082436626333102575706400409455892137735126587285002067735968908901955620661790494632430223835747258667332511278825166452071365174037690185418257852560444117844174433982965694117514308004675324898240659563443127107683303042771765715002079199139861
 6325932906356830612601153201027339705780464127327147839534949106899379088158190701776978747168461480983478781183801039086111654639263336654708403405357647527394771577885883566368589505772042558655857069069171217592365906431065643589192924876817695784342541277137267382705654415136125777603
 6806031735695373974029364906054712702624486024458881812736641113432387572069674181679083728524844643572284610722315112435698991024495588540894396982205509368228200027711250275230812975233147140173952462056064649396920768187767170241847334611836055208850118198124553372086931793938043393681
 7493195758398019301502313657143952620259288584739735222251968024301572499590726935849465657211592863132146002547048812347106152139192958650177830947525760394859445484579910660157753646350568813617474363073969502535860193730650051369066706745734765721395312706944521491061055160968828918193
 7830293232653499763712825633581656300784634954777541644419822145528731808144820245976852438388747741159903988243198003246019194026082407500814067027639118570165936370919684562289770522976733961356863418322534537258867177937840716110308257386090417087077680052351319175217376432460569747581
 8753666786684522733015542541970926652448051821176572530695428222675810666580617356165186356566721135269246505565467458975725597514653382547424359950753677809806018613732479465080060223104543212269063151609256140470039061856298872584096382472421737251432247859433129587508607811390765088333
 9473681240447428303525463316682169796143184223399689844581835544553553551864573390887449962026158769481657847995267384730490988844779107533088608538471496666516177438527605771807977983425142033315410566482122694718483133395731466864125239361082338525919910712861649256641981407410086377089
 7132873758137435315494510759474615636664951432672485195236406407886638635294985138592231975814712752053542774165568127032314968157865773894346822942227385448507726291523997087037351399360350947192396589974899121894531081854978410156176700387393916004497506272777040496830581902328684104459
 4903779002867359884298731328148757692202429036204792703974806967984020188268186524350902276498273593736184503644972447583754004005897432345248819779888514650496822808941193252140147505206188740116814866585007906131388440445164074252235039898465952726531964202319073416233732935591776393723
 7687598537917163361373754113509847961763401425211119461724744376078555476083409450272723537283265652105138481650490951545160675296513301972462323707882073870022170296085166545455404981507162464456375669519678609606296633678992328035248684734145886375019385389264558683058254895890848669683
 7666562689011085970268857788912496888180817944122766097161750382348092294757169645909670278795960423138799244674512180183300164768385855457414214123841843343690350134641867648735311491185367493588564046647151427160333686182784685208646143700176198871077099759908523455606827990801277037077
 8330643913388023319691962727576291644081831450378572462386036707057316692749462548949079223296447163585743338902095043536035694227689100805320329477480924112150236431367467930651341118084532571246960677431451256944620558219048589511074190800231376821149049216446011485319093830312677946919
 9459157252024617170159263604507773262338887628673798420690998293003969612714218942409816470683625321550909325452797411371003901893028799981170392550656227513856984429748141799445956711651719591860871149438813402874235654494013428695038184425437211143360569375868444639398582783871447169403
 9359556727299242483353571365035286959989761053499662903904750530705257513245958525181590235166037962626356383447987128135319500669206035452551353534450152580697989405180887464067929338315147998246763611123155761354169960200105795949719930338735492915298769964150838117724354323069671722303
 8545153281640951406268000417841951428025827861534638644543766216992269877960548178564523586457061272718899130053810802463419472393381468300918044208726475085416639619840858907577006050398986791099491025040796479386591744080227756951034582769826806420592632517991776710485727944710736390903
 9665097629846357071645769279184627585951853752575984482379850791739189906929573619971298113737884319498464919764522259871308898489504525014524949727099792301451466127701192830392204824384521497028606353288544456026275067624530292216438097796966091923098302689487086639003795911614145471477
 9289596523191515562683866175294855141832560386450017823731870862918164862170069457174896034835061292143329052481579474797419273668013080368441436382224291825895022039647222971707904656272793411230172193777409728408588391680945118392861036950893905525991565606611901370978385789974119486869
 8263916279426555796352414625712358446057443173908406222410402796619882919586923720508354409711324321553027431943669296783776035341329701073911340839630976625717502162534537454556039809481051293223324952681133822778202971323189323516499330444803369336982235446781486261944089365895332683571
 9247747866686706354258565831262059133629441794909170193088252427929359183681568349501758406077755253909801093365865559817011380353988004460845646651631120340016381429445305139556619769948161069590295894431666730057159695369017585176832519755881917008619578683396292433681084628119881354877
 5913066836498432458539943803886054237618077707589663815130196998804742591879090176400121730918897870009799743972851914703562873893204192024788723820562882441936242821276953722296889150386619784563279808546881342350341447364385146356078833229134898752711173337857093503476680473873034076623
 6730951804074392171112436818194179029317290169951985174492954679387449177390130264003804984008588458869319789009102189580296204351640307642053999543706878396431881272131004864301534215251586633118661366169331456823246631674677975410877144448445040373525203079439014719664669224412535663991
 6232082062733562579516333412605376931824211814314224613308486209489995651474453795566457344887587215236561725000115117058752022695169007138212325050910594138965973606228220136343228764054280336229969542257286600852505063063858946504210693058429816241696402565796656115670213654308265832997
 7389238881380338997412577009218261123882705090354978147613517593923770510580814556037125074823944764902507847388962523399026308361914326616814069059933351233138286133980486634284587952158220160064223708670393971745083734306890621555265047941821062308788831811766493302134401093252319949343
 5544929918664394785433762496913162827365498252454137522447927321491145667895863758197894289135573913843813731023692110423024058455261368327356993431097111036879168702977583203438329163822730722672053811216722949138359355987950264779756957324052563621657218489881499455524281123096441692107
 5992413366799826720409699847547717056098325088324179303290790229458987862967730503765102288786393108673001352748702927596687037969919761297908763088688132944802964863914305767072686040041105829394500502425304705903417114034792350769682806040841434055714490719055626995328899475164577689829
 9262800846033514951361718752753161054233731889464052242275392085166344249834926300603086812255244979212183246302355107467850513374324259996469458487318859849389047730065032526904744618950308261902252062930860206397146837708371166208948059262314281642214638636413916679413403767724913461117
 7422784245259663303928837505994325212089742758438266175815588287743251972893745600879028806189436255933247827817779756655082704992568266170951065649973526816887561236113414887025817626059824535233752908191172483815252863465497529435041473867142097587007082078620815428049250747873970152189
 9674777492331362939810468374290461469936333272404769962184268589606739218232889579970703428337617655220452879164447887869835982150506299341829783325402687791182334756584906048420456776500578507035179020535497980664991518068191021144509557836563086438796363964876049855896983577160152746487
 9424384589385119667055958844876250092718828275096041916420150570241584827387294029785455042048468392262954156056181557214087345862838738610521322449108906998548398067526821720832323603054471255864122649037178486608546298370957529877011348620003689651990095072471640825162426720111883558299
 9013419374890930396670455988087901079042926000642499049634559591802633327620329138860020105256638617266450978235719849497582012163135278129268536860466800826021107460400658839009220348945145067418889532776247324019196448168401019491079961293702113889004191880083642891838084698777316915917
 9112842078837203967911828379697825681892409827706452634275747684772253746730202910274321473534064623462167133850630966249370181687745001763650148864424553071206732355584943006512355173173070374161398236826686783668861821498540100546281951257477540010081701024522602309938118430732477556389
 9306691077463250932099404311629220432130164043828994995633279047761597728869203595361875220566701365340461100205219279070307708294978824521961114802309221655822571709063032845064077840842140629939131078331935815270866558676636528815868333216784348829482048125419147321710321209499125483639
 9050769889424851477395296553585305092828614533769074595848567996537015396705443284697088242138604617266987442509594746054711665535565673220285828219893397633583399397354506647488848134171577769283735488077616584308686870129335003461632622855915057526834560724148841405053570962064373210011
 8893990465276139046162791216918599933638142257064737147909422090643337861376852427389677006745492109624298547700146763381894127082226923492350008849435664632535548878868759506757770679403195581475121289052633863799437120957744303796703096367566654644439578339039012475026495501045561780817
 9367508063147478004571729055346056163434458003695938850118613015091799219937901799096612105215160228172682069169339233189905653251414422159086205948857725257781574708248356594477242391520676297171714398711076247683264030882691665674554262571124970353112789579214093865703726495120393114423
 5768660713139280892484441400556623311687912627546801569235922872628254944965635061286811733064432379611047389284331909012650339861186190524570031153153985614505192406575528138299251487617055142564879881006339316269329099976407294878912666143613670035941281690130130626674196037043696725949
 9615909132491668715381561464560706936804285854779447574723260814766351891670756971623449623532218436754365235378127761081517182217238807107443561839838471879902880075967868603116200441225247541982724480508701362968019375071177579884316388027431874784277335333170290267619725169271633051217
 7467788899397851872850053840644172113579498484664909199357220729161100675930835483473151190725262282157876227429411148559208485238218107221117640290188447767469423062474012132961305470388382855611452743162187578774113790557380537080520985762674001072390351834326385042802172056643919705727
 5856916190504481506271721909167197103865066583019746572763666156288500990155236274436546387412516887559395987466372016987822032433162563485004238714022501433455190439264810941549722500063624816206276590177791055406439196828059555399292089141813686174231151655710710379050743372708208867261
 6194858684631866887366232056983385857154958940634568178033709998651191316609767108407291344133393259836698322225967920903787358866514960621705989813622601154593961538142928813977351694072198010188337360644342686058921576400537136552436759471308811908606298610665558871416932451931453333383
 7436236832639379189606976479378441968326957855697731486651435912089546838110643336526815267192572626177777266232310761253972641659894304349778347517192573434853253236909253238619032173255887800489915259591213120787511774002470414134210859962742857288411219829124732885595593419041481856183
 8651468646456187887478556009898806253031304029611105916222440369777958760246106251093797461523110823600599758747900773494342237048189352410818540456528477379855315630569459982916205004286471433184636980012397987400377319554473806435620914048944537014737884331893586552339301032952734065459
 7171926112410369634837962337951936382982804385041886886534512038138753964419958304636307032236603615665002518582430099941820021423885334228937068103751441308431442858419558817581281037564670449965522392270754345065324129205823027732944081797989179348749746702564476725635257024681313836873
 8019916368649510723345288791407798651853576938963091602190801396530688295656815851822847339075771750099531958412980325826310724027770479963627833718058448814862015347309295316186980072416247521026056477349287503390997581179309234631112772705865825668581757025096905697033438036306474262581
 7509342776783413852605620862510692684270367015847588689403084589511408343383966127102315085464813825680278658472655680989430356883565890846546391147366373216846331887186512565901601971416631385741672129839588330792577895676024650907649331378328504650071436303681806996616277809654281466607
 7115101600268716273809586238452726479168018629193526892790132073031230168387682983561919675133990323924480496913508401811719802653212755796152104906306057471304643446788222346155046342956770053150228784992293061154924293596809799016168748346728509281212683575439529816978547576696308489389
 6592271979053354645446071366143452970821626808013465972707179911066203657442427263576439842112185870901550597283166918782070125251419803895896605901664620320121130168230301393645967819278557969805566241364510664156078704820202954577385772847077932945538687654187022652398905276191157333943
 8828492152753619633318968627166209798678012430298885295061256229838646451878001471875297909312753806591979285803465582138173015391542338690794506487285789008142514753326318310393606997298154520071250681420550200990825881465055962568872420968396905991563188972963497132739132081778580601043
 8106205977955726771749606231859577100142905125264268688937556326769171512814282636513851954039700074083946975210576581949227129344416997194694147191207272259322395024496762346807895905279594396759520723716991026006168993983844392075175570703113457995797765074324269019855255987212274633753
 5696351508239312184537259409539973497561631476399655042942694140120474877783291963777911139758037891431923966917266811526348947324850502713138309474518745869326775604966771522287891012339534381729288299839271125843691620584300129451826546981997444208889864089261425297374018736220623781801
 8229910999941668031768475067038281355394718006071207655702568982410848941932851937517140076625005838797300350622434756856466952023512536451798059672580927246759101526485484622894853680422576050838783827859822862924357721596129376235130086604912338099329856680176522449860074165894623947103
